500, 500, 10000, 10000
52, 249
52, 253
53, 228
53, 238
53, 242
53, 245
54, 219
53, 250
53, 264
55, 212
55, 215
55, 224
54, 256
56, 216
55, 260
55, 267
56, 238
56, 249
55, 283
55, 286
57, 228
58, 198
56, 263
57, 238
58, 209
56, 277
56, 279
57, 250
57, 253
56, 290
57, 260
58, 235
57, 270
59, 213
57, 279
60, 193
60, 195
60, 202
60, 209
59, 250
60, 220
61, 190
59, 253
58, 286
60, 225
59, 260
60, 232
61, 206
58, 300
59, 273
60, 242
62, 186
60, 250
59, 282
61, 235
62, 206
61, 239
59, 303
62, 213
61, 245
62, 217
63, 190
63, 194
61, 263
60, 296
64, 184
63, 217
63, 220
64, 191
63, 225
64, 196
61, 289
64, 200
63, 232
64, 203
62, 266
64, 207
62, 270
61, 303
64, 214
62, 278
64, 229
62, 292
65, 210
62, 303
63, 273
66, 181
66, 184
62, 308
62, 312
64, 256
65, 229
63, 292
66, 200
65, 232
66, 204
64, 269
66, 207
67, 177
65, 242
67, 181
66, 221
63, 315
64, 288
65, 263
67, 201
64, 295
66, 233
65, 266
65, 269
68, 177
65, 273
67, 211
68, 185
66, 249
64, 318
67, 226
65, 288
66, 259
67, 229
66, 263
69, 170
66, 266
68, 208
65, 307
67, 246
66, 281
68, 221
65, 314
65, 315
69, 192
67, 256
65, 318
69, 196
69, 198
65, 322
66, 291
67, 269
66, 302
67, 277
68, 246
66, 310
67, 284
70, 193
71, 165
70, 198
67, 291
69, 229
67, 298
68, 269
67, 301
70, 212
67, 314
67, 317
72, 162
68, 287
69, 262
68, 294
70, 233
71, 202
68, 297
71, 205
72, 179
69, 275
70, 249
72, 190
69, 284
68, 317
70, 256
73, 167
71, 230
72, 199
70, 262
72, 205
71, 239
69, 306
72, 215
71, 246
71, 249
74, 159
72, 222
71, 253
69, 320
72, 233
70, 297
73, 209
71, 283
75, 159
72, 253
74, 194
71, 293
74, 202
73, 239
75, 180
71, 305
72, 277
74, 216
72, 280
76, 160
71, 316
75, 194
76, 164
74, 230
71, 323
72, 300
71, 333
75, 216
74, 250
75, 219
74, 253
72, 323
77, 168
74, 262
73, 293
73, 296
74, 268
77, 178
74, 271
75, 240
75, 243
74, 276
75, 246
73, 312
78, 157
75, 256
76, 230
76, 240
76, 243
79, 150
77, 213
73, 339
74, 308
77, 216
78, 189
75, 283
74, 315
77, 223
79, 162
76, 262
75, 295
77, 234
75, 299
79, 182
76, 276
79, 186
80, 158
75, 318
78, 227
79, 196
76, 289
79, 199
79, 204
75, 329
79, 207
81, 147
78, 243
81, 151
80, 182
75, 339
80, 186
75, 342
76, 311
78, 250
77, 282
80, 189
81, 163
76, 321
80, 199
76, 325
80, 204
77, 298
76, 330
78, 268
81, 176
82, 148
80, 211
82, 152
77, 310
79, 249
76, 342
78, 282
77, 314
82, 159
78, 288
78, 292
80, 231
81, 204
78, 298
83, 144
77, 334
78, 303
77, 338
79, 279
81, 220
80, 253
78, 317
80, 259
81, 228
84, 142
78, 329
84, 143
82, 208
81, 240
79, 303
84, 149
80, 275
84, 153
80, 278
83, 187
82, 223
82, 231
79, 324
80, 297
85, 143
80, 303
82, 243
81, 274
84, 184
82, 246
81, 278
83, 217
79, 344
82, 252
80, 316
85, 161
79, 348
81, 291
80, 323
82, 261
84, 200
85, 172
82, 267
86, 144
83, 240
80, 336
85, 181
80, 340
86, 154
84, 218
81, 316
83, 255
82, 287
86, 165
85, 197
81, 326
82, 297
81, 328
86, 178
83, 273
84, 243
87, 150
86, 181
85, 215
82, 309
84, 250
83, 281
84, 252
86, 191
87, 162
82, 322
87, 169
83, 293
87, 170
82, 326
86, 203
82, 328
86, 206
84, 270
85, 240
82, 335
83, 305
82, 339
85, 246
87, 185
84, 281
85, 252
87, 192
86, 224
84, 287
82, 350
85, 258
84, 290
86, 231
88, 170
84, 296
86, 234
85, 267
85, 270
87, 212
83, 338
89, 152
84, 311
86, 249
85, 284
88, 195
88, 202
84, 327
90, 142
87, 237
84, 330
90, 147
90, 149
87, 243
88, 212
89, 189
88, 221
84, 345
86, 287
91, 139
85, 325
88, 232
89, 204
88, 235
84, 359
85, 330
86, 300
89, 207
91, 149
85, 337
88, 246
87, 277
88, 250
86, 314
88, 252
89, 222
92, 131
91, 164
90, 199
91, 168
92, 139
92, 140
87, 296
88, 267
92, 144
86, 333
91, 180
92, 153
87, 310
89, 249
89, 250
88, 283
87, 317
88, 289
91, 196
90, 229
88, 292
92, 168
87, 325
90, 232
86, 358
87, 329
93, 144
90, 238
91, 207
88, 300
88, 303
92, 181
90, 243
91, 213
90, 246
91, 216
89, 280
88, 313
87, 344
90, 252
89, 283
92, 190
87, 348
93, 165
90, 258
90, 261
93, 169
90, 267
92, 207
94, 145
87, 362
92, 210
93, 181
90, 277
92, 219
88, 343
91, 252
95, 129
92, 225
93, 197
92, 229
94, 170
88, 357
90, 295
93, 203
91, 266
89, 328
89, 331
94, 176
91, 269
93, 208
91, 272
89, 335
95, 150
93, 214
94, 185
91, 279
90, 312
91, 291
94, 201
95, 170
93, 235
89, 360
95, 174
93, 238
90, 331
92, 272
92, 273
91, 305
93, 246
92, 279
94, 220
91, 315
95, 192
93, 255
90, 349
95, 195
91, 322
97, 139
96, 170
91, 327
95, 204
93, 266
91, 330
90, 364
97, 147
94, 241
91, 334
91, 337
94, 249
92, 311
97, 157
95, 220
91, 345
95, 223
96, 192
98, 131
94, 255
97, 164
96, 195
95, 226
94, 258
98, 136
92, 323
97, 171
92, 326
96, 204
97, 175
96, 209
94, 273
93, 305
91, 367
98, 151
94, 276
92, 341
97, 186
93, 311
95, 250
98, 157
94, 282
95, 252
99, 128
97, 198
95, 261
92, 358
99, 141
94, 298
98, 175
93, 333
97, 209
92, 367
93, 336
99, 152
99, 153
93, 340
99, 154
94, 311
93, 344
94, 320
96, 258
95, 290
100, 137
99, 169
94, 325
96, 266
97, 238
93, 362
96, 269
96, 272
100, 149
95, 304
95, 307
96, 276
100, 153
93, 371
100, 155
101, 125
99, 187
98, 218
94, 343
99, 190
100, 159
101, 130
100, 162
101, 133
97, 258
96, 290
100, 166
98, 233
94, 357
97, 266
99, 206
100, 179
96, 304
94, 366
101, 150
102, 119
94, 369
95, 339
98, 250
102, 126
99, 221
100, 190
97, 284
101, 163
96, 325
101, 170
99, 233
100, 202
98, 266
102, 143
97, 300
102, 147
95, 364
99, 241
96, 335
102, 150
100, 212
96, 338
95, 369
98, 278
96, 342
100, 218
99, 250
98, 284
102, 160
99, 258
98, 290
103, 135
102, 167
99, 263
96, 356
97, 327
98, 297
96, 364
104, 116
102, 180
103, 151
103, 155
100, 249
97, 342
101, 218
103, 157
99, 281
101, 221
98, 315
102, 191
100, 258
103, 168
98, 324
98, 327
100, 266
103, 174
99, 299
99, 300
100, 271
101, 241
97, 367
103, 185
99, 309
104, 155
98, 341
97, 372
102, 218
101, 250
101, 252
99, 315
104, 161
104, 168
103, 200
104, 171
100, 296
103, 206
99, 333
102, 241
103, 210
106, 118
98, 366
104, 181
100, 305
103, 213
105, 152
106, 122
105, 156
103, 219
105, 161
100, 317
105, 162
106, 133
104, 195
99, 350
105, 165
101, 291
106, 138
102, 265
104, 204
104, 206
99, 362
106, 145
103, 239
100, 333
102, 272
104, 213
99, 370
102, 280
101, 311
100, 343
104, 219
99, 375
101, 314
105, 192
101, 319
106, 166
100, 353
107, 138
103, 263
104, 234
106, 173
102, 304
101, 336
107, 150
108, 120
105, 214
108, 124
101, 343
107, 159
103, 285
108, 131
107, 163
103, 288
103, 291
104, 260
106, 201
102, 325
105, 236
104, 270
108, 151
108, 154
102, 342
108, 158
108, 160
101, 378
102, 348
105, 260
109, 136
102, 356
108, 170
103, 328
102, 360
106, 236
109, 144
103, 331
108, 176
107, 207
102, 363
109, 148
106, 242
102, 368
110, 121
108, 183
102, 372
106, 249
103, 342
110, 126
107, 220
104, 316
106, 255
108, 193
105, 288
104, 327
103, 358
109, 174
106, 268
107, 237
105, 300
106, 271
108, 209
111, 117
111, 118
108, 212
106, 274
104, 337
110, 152
111, 123
106, 279
110, 156
109, 188
110, 160
108, 222
109, 191
106, 285
110, 161
105, 317
110, 168
107, 262
110, 171
104, 358
109, 205
110, 174
107, 267
105, 330
111, 145
109, 208
107, 270
108, 242
104, 366
111, 149
110, 181
112, 119
111, 153
105, 340
107, 279
111, 157
107, 282
105, 346
107, 285
107, 287
109, 225
112, 134
104, 382
111, 165
106, 320
105, 353
106, 323
109, 232
107, 294
113, 110
108, 265
107, 297
110, 206
112, 146
108, 270
113, 115
109, 239
111, 178
110, 212
112, 150
109, 247
112, 154
108, 279
109, 249
109, 250
105, 374
107, 314
105, 376
107, 315
112, 162
106, 352
114, 106
110, 234
112, 172
106, 360
107, 329
113, 143
112, 175
106, 365
109, 274
113, 151
113, 154
114, 125
110, 249
109, 281
106, 376
110, 254
108, 318
110, 257
108, 322
113, 167
109, 293
112, 201
107, 356
113, 170
111, 234
113, 173
107, 360
114, 144
109, 302
115, 116
112, 210
113, 179
114, 151
107, 368
110, 278
114, 155
107, 372
107, 375
114, 159
114, 162
107, 380
107, 383
114, 170
115, 140
112, 237
116, 113
115, 145
111, 271
112, 242
110, 304
114, 180
111, 273
113, 213
109, 338
113, 216
111, 278
108, 372
114, 186
110, 310
110, 315
112, 254
113, 223
108, 378
114, 193
115, 163
108, 383
116, 137
117, 109
108, 388
110, 327
116, 142
109, 359
113, 240
116, 149
111, 304
110, 337
113, 247
114, 216
113, 249
109, 377
110, 346
112, 286
110, 350
118, 105
112, 292
116, 168
113, 262
114, 232
109, 387
113, 264
113, 267
110, 361
116, 175
110, 362
110, 365
115, 210
114, 244
115, 216
112, 309
110, 372
110, 376
112, 314
118, 133
110, 381
114, 257
115, 232
114, 269
112, 332
117, 178
116, 210
116, 211
114, 273
118, 151
114, 275
114, 278
119, 125
119, 126
114, 283
115, 252
116, 221
119, 130
115, 254
120, 100
113, 319
118, 165
119, 134
112, 352
117, 197
119, 140
117, 202
115, 266
117, 205
120, 112
115, 270
112, 363
112, 364
118, 179
117, 210
119, 148
120, 118
113, 335
118, 182
120, 122
118, 185
119, 155
120, 126
112, 375
119, 159
113, 348
119, 162
112, 379
121, 101
116, 257
115, 288
119, 165
113, 351
112, 384
120, 140
116, 264
117, 235
121, 114
117, 240
116, 272
118, 211
121, 118
113, 369
120, 152
113, 370
119, 185
117, 250
120, 159
117, 254
121, 131
116, 287
122, 101
113, 382
119, 203
117, 269
122, 115
120, 177
118, 240
121, 149
119, 212
114, 367
114, 368
118, 245
116, 307
120, 183
115, 339
120, 186
117, 282
120, 189
114, 377
120, 193
121, 163
117, 287
122, 133
115, 350
116, 321
119, 229
122, 136
114, 386
114, 387
119, 233
123, 110
116, 327
122, 142
119, 235
123, 111
114, 392
116, 333
115, 365
118, 272
117, 304
118, 274
123, 120
116, 338
119, 247
118, 279
117, 310
120, 217
118, 282
121, 189
124, 98
118, 287
117, 320
122, 167
121, 198
124, 106
123, 137
123, 138
124, 107
119, 266
115, 390
116, 361
120, 238
124, 116
119, 272
118, 304
119, 274
117, 338
122, 184
120, 247
119, 281
120, 254
121, 223
118, 317
123, 164
125, 105
122, 199
121, 230
123, 168
125, 108
122, 202
123, 172
120, 269
121, 245
125, 127
120, 284
119, 316
121, 254
126, 101
118, 351
125, 135
121, 259
117, 383
118, 355
126, 109
118, 359
124, 173
120, 298
123, 207
126, 114
117, 393
121, 269
120, 300
119, 332
126, 119
118, 369
121, 276
119, 340
120, 310
121, 279
125, 159
123, 225
126, 132
126, 136
125, 171
124, 203
121, 297
124, 207
119, 362
127, 114
118, 397
122, 274
120, 336
124, 216
127, 124
121, 310
126, 157
123, 250
128, 98
119, 381
127, 133
120, 350
128, 103
126, 167
124, 230
119, 386
125, 200
128, 108
128, 109
122, 297
128, 112
124, 238
122, 302
126, 178
119, 396
126, 180
124, 243
125, 213
123, 276
128, 121
122, 308
123, 278
120, 372
124, 250
122, 312
125, 221
122, 317
129, 105
126, 198
124, 261
127, 171
128, 142
121, 360
122, 329
122, 330
124, 268
121, 362
126, 208
120, 395
129, 117
123, 305
121, 367
127, 181
126, 213
127, 184
125, 247
128, 155
126, 217
127, 187
125, 250
121, 375
128, 158
125, 252
126, 224
126, 226
128, 165
124, 289
130, 105
128, 168
126, 231
125, 265
122, 359
128, 173
123, 329
130, 113
126, 238
130, 114
125, 271
124, 302
123, 334
122, 365
127, 211
125, 275
123, 337
125, 278
130, 123
123, 340
125, 285
125, 288
124, 319
131, 102
126, 258
124, 320
124, 322
123, 355
131, 108
130, 140
126, 265
124, 328
127, 236
122, 393
124, 333
128, 211
124, 336
131, 120
126, 278
129, 185
130, 156
127, 249
126, 280
123, 373
126, 282
132, 98
128, 222
124, 347
127, 256
124, 350
127, 258
128, 229
126, 296
128, 236
124, 360
131, 144
132, 114
132, 115
131, 150
133, 93
130, 188
124, 376
124, 377
130, 191
129, 224
125, 350
132, 134
127, 290
133, 105
124, 386
127, 293
125, 357
128, 265
132, 142
127, 298
127, 300
132, 145
131, 177
133, 115
133, 117
127, 303
130, 212
124, 399
128, 277
130, 215
132, 158
130, 220
127, 315
132, 161
134, 100
128, 287
132, 165
129, 258
133, 135
126, 353
132, 171
128, 297
125, 390
131, 205
132, 174
129, 268
134, 118
126, 370
127, 341
130, 249
134, 127
127, 345
131, 222
134, 131
127, 348
127, 351
130, 258
128, 320
126, 389
135, 111
129, 297
129, 299
134, 144
135, 117
126, 396
126, 397
135, 119
128, 340
126, 402
128, 341
132, 218
133, 187
135, 128
129, 314
136, 97
133, 192
128, 347
131, 256
132, 227
127, 382
134, 166
128, 356
136, 109
134, 172
130, 296
136, 113
132, 239
130, 301
127, 395
135, 148
130, 304
130, 308
134, 185
131, 281
129, 343
133, 223
129, 349
128, 381
136, 133
134, 195
130, 321
128, 386
130, 325
134, 202
130, 329
131, 298
134, 206
128, 394
132, 270
129, 364
131, 303
130, 335
137, 119
133, 243
128, 399
134, 215
134, 217
128, 404
128, 405
134, 219
135, 191
137, 130
136, 161
135, 193
133, 256
129, 381
137, 135
130, 353
133, 260
138, 105
129, 385
130, 358
132, 296
135, 204
136, 173
137, 142
130, 362
134, 239
132, 301
138, 115
138, 116
139, 89
133, 276
131, 341
135, 217
133, 280
139, 95
131, 345
130, 379
137, 162
131, 348
139, 101
137, 165
131, 354
136, 202
132, 328
137, 174
131, 361
135, 237
134, 269
131, 362
137, 177
132, 334
137, 179
130, 397
133, 304
136, 212
134, 276
132, 338
140, 91
133, 309
131, 374
140, 96
132, 344
131, 378
131, 379
139, 132
134, 288
133, 320
140, 103
135, 264
136, 235
134, 297
131, 390
140, 113
134, 300
136, 239
133, 333
132, 364
136, 241
138, 182
137, 216
140, 123
135, 278
134, 311
131, 407
140, 129
133, 347
133, 350
132, 382
133, 352
135, 290
141, 109
134, 327
136, 266
135, 297
133, 360
136, 271
133, 364
136, 273
136, 277
138, 218
135, 311
140, 158
138, 220
140, 161
142, 100
141, 134
137, 262
138, 232
136, 294
137, 264
142, 111
141, 142
137, 267
138, 238
141, 146
136, 301
142, 120
140, 183
141, 154
136, 310
139, 218
135, 342
137, 281
135, 345
139, 222
140, 191
140, 193
142, 131
138, 259
142, 136
140, 198
138, 261
135, 354
143, 107
140, 202
142, 140
143, 111
134, 392
144, 84
137, 302
143, 116
135, 366
141, 181
140, 213
144, 91
140, 217
134, 403
136, 341
140, 218
139, 250
137, 312
142, 159
141, 192
144, 102
144, 103
135, 385
143, 137
141, 199
144, 108
141, 202
139, 266
135, 390
138, 298
136, 360
143, 144
144, 113
145, 83
138, 300
138, 301
137, 333
143, 148
140, 242
141, 213
139, 277
135, 401
142, 184
138, 311
140, 250
142, 189
145, 98
138, 317
142, 194
142, 199
139, 293
137, 356
139, 295
144, 141
136, 389
140, 266
139, 297
136, 395
137, 364
141, 244
140, 276
145, 124
144, 156
136, 405
145, 128
139, 314
140, 284
143, 192
146, 100
142, 225
140, 288
138, 351
145, 134
140, 290
143, 197
137, 384
140, 293
137, 388
138, 362
137, 393
140, 301
138, 363
146, 116
142, 242
137, 398
146, 120
143, 214
139, 338
139, 339
141, 278
140, 310
146, 125
143, 218
145, 157
147, 95
144, 188
140, 313
142, 251
139, 345
142, 253
146, 129
146, 131
140, 318
142, 257
145, 165
143, 227
141, 290
141, 294
140, 325
145, 171
143, 233
141, 297
148, 81
145, 174
143, 236
144, 206
146, 144
141, 299
138, 392
143, 238
140, 331
142, 272
147, 117
138, 397
148, 88
141, 307
142, 276
148, 91
143, 248
138, 403
144, 219
146, 158
145, 193
144, 224
143, 255
140, 349
146, 163
147, 133
146, 165
142, 290
139, 386
141, 325
141, 330
145, 206
142, 299
148, 114
144, 240
142, 302
143, 272
139, 396
149, 89
141, 337
140, 369
142, 307
146, 184
148, 123
147, 155
144, 250
139, 407
146, 192
145, 224
142, 317
148, 132
146, 194
146, 196
139, 414
140, 384
140, 385
148, 138
149, 109
147, 173
142, 330
148, 146
142, 333
141, 368
145, 246
148, 153
148, 156
146, 219
140, 406
149, 132
140, 412
145, 261
150, 106
147, 201
149, 140
141, 388
144, 295
146, 234
148, 173
151, 80
150, 111
147, 205
145, 267
144, 299
142, 363
145, 271
147, 209
151, 85
150, 116
144, 303
145, 273
142, 366
148, 181
142, 367
145, 275
150, 121
143, 338
147, 215
143, 339
141, 404
144, 311
141, 405
146, 250
142, 377
143, 347
144, 316
143, 350
145, 289
149, 166
150, 136
149, 171
150, 140
147, 234
152, 81
151, 112
144, 331
142, 393
145, 301
146, 271
145, 303
144, 334
148, 210
142, 398
151, 122
142, 403
148, 218
152, 94
144, 342
147, 250
148, 220
148, 221
149, 191
150, 161
142, 409
151, 131
146, 286
148, 225
146, 288
150, 166
147, 259
151, 137
143, 385
150, 172
143, 391
152, 114
143, 395
144, 365
152, 118
150, 183
152, 123
152, 124
148, 248
151, 156
146, 312
148, 250
150, 191
153, 98
150, 192
151, 162
149, 225
152, 136
146, 324
147, 294
151, 170
153, 109
149, 234
153, 110
150, 203
146, 330
151, 175
149, 237
147, 300
154, 84
153, 115
146, 333
148, 271
149, 241
147, 304
152, 153
154, 91
149, 246
152, 154
151, 189
144, 407
154, 97
149, 253
145, 378
150, 225
144, 412
146, 350
153, 134
144, 413
149, 259
144, 415
155, 78
152, 171
149, 264
153, 140
149, 265
147, 329
145, 394
149, 272
154, 117
150, 244
154, 121
148, 308
155, 92
151, 217
146, 372
152, 187
152, 188
147, 343
153, 158
153, 160
145, 411
153, 164
155, 102
152, 195
146, 382
150, 258
154, 134
145, 414
149, 291
153, 168
155, 107
154, 141
147, 358
153, 172
148, 328
155, 112
147, 361
153, 179
155, 118
154, 149
156, 88
152, 215
150, 278
146, 402
149, 310
154, 155
156, 94
155, 127
147, 376
146, 408
151, 253
147, 381
156, 104
152, 229
155, 136
146, 418
149, 330
154, 175
155, 146
157, 84
149, 333
153, 209
152, 241
157, 89
156, 120
157, 90
155, 153
156, 124
153, 219
157, 96
153, 221
148, 379
157, 102
153, 226
154, 196
155, 166
148, 385
147, 417
154, 200
156, 138
149, 359
156, 142
156, 146
152, 275
150, 341
157, 125
149, 373
148, 406
148, 407
158, 98
155, 194
151, 318
153, 258
157, 134
156, 167
158, 106
157, 138
149, 387
152, 295
153, 264
151, 326
159, 79
153, 266
152, 297
156, 174
158, 112
155, 205
151, 329
152, 299
153, 268
153, 270
159, 86
158, 121
154, 246
159, 92
153, 282
158, 127
150, 377
151, 346
156, 193
152, 317
157, 162
155, 225
151, 349
153, 289
160, 73
154, 260
149, 415
158, 136
152, 325
153, 294
154, 264
149, 420
157, 175
159, 113
155, 238
152, 334
157, 180
159, 118
152, 336
154, 277
155, 248
156, 217
151, 375
151, 376
158, 162
159, 132
160, 101
152, 352
153, 321
161, 75
158, 169
155, 263
160, 109
153, 327
151, 391
155, 267
153, 330
161, 83
158, 176
160, 115
155, 271
156, 240
153, 337
160, 120
156, 246
155, 281
161, 97
155, 283
160, 130
161, 102
160, 134
151, 417
155, 294
153, 358
155, 296
152, 389
154, 327
160, 145
152, 394
157, 243
161, 121
155, 309
152, 403
156, 281
153, 374
160, 161
161, 130
161, 131
155, 317
157, 258
158, 227
152, 415
152, 416
155, 323
156, 292
156, 293
162, 110
154, 358
153, 393
156, 300
158, 241
153, 398
162, 122
155, 342
160, 187
159, 219
156, 312
156, 315
161, 162
153, 414
164, 74
162, 136
162, 137
154, 386
160, 202
161, 172
153, 421
163, 112
158, 267
163, 114
156, 335
155, 366
161, 181
164, 88
154, 399
159, 245
154, 400
157, 308
163, 125
158, 280
161, 188
159, 251
161, 190
159, 253
159, 254
160, 223
156, 348
160, 224
161, 194
163, 133
154, 413
156, 351
159, 258
160, 229
155, 384
165, 75
155, 385
159, 262
154, 418
164, 113
158, 299
165, 83
162, 176
163, 145
164, 116
162, 179
163, 151
161, 213
165, 90
158, 307
156, 369
160, 246
164, 122
164, 126
165, 97
159, 285
162, 193
156, 379
160, 258
164, 138
166, 77
156, 388
160, 265
159, 296
157, 359
157, 360
156, 393
159, 300
157, 364
156, 396
161, 242
158, 336
160, 275
162, 215
157, 372
161, 250
163, 189
159, 315
161, 257
163, 195
167, 71
161, 259
165, 136
166, 105
163, 199
160, 292
162, 230
159, 325
157, 387
167, 80
162, 236
156, 422
163, 205
157, 392
156, 423
157, 393
166, 118
167, 88
160, 310
163, 217
159, 342
162, 250
163, 221
166, 129
165, 160
163, 224
167, 101
157, 413
162, 259
165, 166
163, 228
157, 414
162, 262
160, 327
161, 297
164, 204
162, 266
158, 391
168, 82
159, 361
159, 362
160, 331
163, 239
161, 303
160, 334
167, 118
159, 366
165, 181
168, 89
164, 216
166, 154
161, 311
163, 250
161, 313
167, 130
162, 286
160, 351
159, 383
162, 291
164, 229
165, 200
168, 108
162, 296
162, 298
163, 267
161, 330
169, 83
162, 300
166, 176
168, 114
164, 239
158, 426
166, 179
159, 398
163, 274
160, 368
168, 122
169, 91
168, 123
167, 154
163, 280
167, 156
167, 159
161, 346
167, 162
163, 287
163, 289
165, 227
166, 199
167, 168
161, 355
167, 170
166, 201
160, 388
170, 78
162, 326
166, 203
169, 110
160, 390
168, 144
165, 237
163, 300
159, 424
162, 332
170, 86
160, 396
169, 121
170, 93
167, 187
163, 312
168, 157
160, 408
168, 160
165, 254
160, 409
171, 68
171, 69
169, 133
166, 226
161, 382
160, 414
163, 321
167, 197
164, 291
165, 262
161, 386
164, 295
161, 389
164, 297
160, 422
170, 112
163, 329
163, 331
164, 301
165, 274
165, 276
169, 152
162, 370
161, 401
168, 184
166, 247
167, 217
169, 156
166, 250
168, 188
167, 219
163, 343
171, 96
164, 314
163, 347
166, 254
167, 224
171, 101
169, 164
169, 165
170, 135
166, 259
167, 231
164, 324
162, 387
171, 108
169, 173
163, 360
162, 392
168, 206
168, 208
165, 301
166, 273
162, 398
168, 212
170, 151
171, 120
172, 91
164, 340
166, 279
171, 124
167, 248
162, 405
167, 251
170, 159
163, 378
167, 258
164, 352
163, 383
171, 136
168, 230
170, 168
163, 386
167, 264
172, 110
166, 298
165, 329
170, 176
166, 300
167, 271
171, 148
172, 120
170, 183
169, 216
163, 402
170, 185
173, 92
164, 372
163, 403
172, 125
168, 250
169, 220
171, 159
164, 377
167, 286
173, 100
164, 382
164, 385
172, 137
166, 323
174, 75
166, 326
167, 297
172, 145
163, 425
165, 363
168, 270
169, 240
164, 395
173, 116
174, 87
171, 180
170, 212
166, 337
167, 309
171, 186
170, 218
166, 343
169, 251
164, 407
173, 130
175, 70
165, 381
173, 134
167, 321
169, 260
167, 322
168, 292
167, 325
171, 202
172, 173
164, 421
166, 360
174, 113
172, 176
165, 393
173, 147
172, 179
171, 210
175, 88
173, 151
171, 215
173, 154
172, 187
173, 158
175, 96
165, 407
171, 222
168, 316
166, 379
171, 225
173, 163
166, 381
167, 352
168, 322
171, 233
168, 327
176, 79
173, 174
166, 391
175, 116
171, 241
172, 211
174, 149
171, 243
173, 181
172, 213
175, 120
170, 276
168, 338
176, 91
166, 404
175, 126
173, 190
171, 252
173, 194
171, 257
175, 133
168, 354
170, 292
173, 201
171, 263
170, 294
174, 172
168, 359
174, 173
177, 82
173, 207
175, 145
166, 425
172, 241
173, 212
171, 274
175, 152
174, 183
175, 153
172, 246
176, 123
171, 279
173, 218
175, 157
173, 220
178, 66
175, 160
168, 377
168, 378
170, 316
169, 349
170, 318
174, 195
173, 227
174, 197
171, 290
169, 353
178, 77
168, 389
175, 173
176, 143
173, 237
167, 424
177, 114
173, 238
173, 240
177, 120
171, 306
173, 244
168, 401
175, 187
169, 373
171, 312
168, 406
175, 189
170, 345
168, 407
176, 161
174, 223
172, 286
175, 194
174, 227
173, 258
176, 171
177, 140
172, 295
175, 206
168, 423
173, 271
179, 86
173, 275
168, 430
175, 215
177, 153
176, 185
174, 247
178, 125
173, 281
169, 405
177, 159
180, 71
180, 72
175, 228
174, 260
170, 385
178, 137
172, 325
171, 358
175, 234
170, 390
177, 173
179, 111
174, 268
172, 331
172, 332
174, 270
174, 271
169, 428
171, 366
169, 429
173, 307
175, 246
178, 154
170, 404
178, 157
181, 66
179, 128
173, 314
176, 222
180, 99
175, 254
172, 348
176, 230
181, 75
170, 417
181, 76
170, 418
178, 171
175, 266
179, 144
181, 82
176, 237
171, 394
181, 84
177, 209
172, 364
174, 304
173, 336
174, 306
171, 401
179, 154
180, 124
172, 372
178, 186
177, 221
176, 253
182, 67
171, 409
182, 68
177, 225
180, 133
176, 260
171, 415
178, 198
174, 323
177, 231
178, 200
173, 359
173, 363
174, 332
178, 208
182, 85
173, 364
171, 427
182, 86
171, 428
180, 149
174, 335
177, 243
172, 399
175, 307
172, 400
181, 121
174, 339
175, 309
173, 371
182, 93
176, 280
181, 126
174, 343
173, 375
172, 407
175, 315
174, 346
178, 223
174, 347
179, 196
181, 135
174, 354
177, 261
173, 386
178, 232
179, 201
179, 202
174, 357
183, 78
178, 234
183, 79
172, 420
181, 142
172, 421
182, 111
174, 362
178, 239
182, 116
183, 87
174, 366
173, 397
176, 305
174, 368
180, 183
174, 369
182, 122
176, 311
173, 404
178, 250
173, 405
177, 281
178, 251
181, 158
182, 128
181, 160
184, 72
174, 383
175, 352
184, 74
180, 198
183, 106
182, 137
179, 231
181, 171
181, 172
173, 422
182, 148
181, 180
177, 304
178, 276
184, 91
177, 308
179, 247
173, 433
176, 340
183, 124
177, 313
176, 344
177, 314
184, 98
182, 162
176, 351
180, 227
177, 321
180, 229
180, 230
179, 262
175, 387
179, 264
177, 326
174, 420
182, 172
180, 235
174, 421
181, 205
183, 143
180, 237
185, 84
181, 208
176, 365
185, 86
183, 149
178, 305
181, 213
182, 183
175, 401
185, 93
180, 250
183, 157
176, 375
182, 189
179, 284
178, 315
183, 164
178, 320
180, 260
184, 136
183, 167
176, 386
175, 417
180, 264
182, 202
176, 391
178, 330
179, 299
180, 269
184, 146
180, 273
185, 118
177, 368
187, 62
181, 249
181, 250
176, 405
179, 315
185, 129
176, 413
187, 72
179, 322
180, 293
180, 296
183, 203
181, 267
187, 81
185, 143
180, 298
180, 299
182, 241
183, 212
186, 119
180, 306
182, 244
184, 183
182, 246
187, 91
176, 433
176, 434
184, 187
180, 311
185, 156
188, 65
183, 221
184, 191
185, 163
181, 288
180, 320
178, 382
177, 414
181, 291
177, 415
188, 74
179, 355
183, 233
178, 389
183, 235
180, 328
179, 359
177, 422
183, 238
185, 176
182, 269
187, 115
184, 208
178, 394
188, 85
181, 302
183, 241
186, 150
177, 430
178, 400
188, 91
179, 370
185, 188
181, 312
178, 409
179, 380
181, 319
185, 199
183, 261
181, 324
188, 107
183, 263
180, 357
178, 420
187, 141
183, 266
179, 393
186, 178
189, 86
181, 334
187, 150
185, 212
187, 151
187, 152
181, 340
181, 341
183, 279
189, 94
179, 405
184, 250
179, 406
187, 159
183, 285
185, 224
188, 134
181, 351
184, 258
181, 352
184, 259
184, 260
180, 385
182, 323
188, 138
186, 200
179, 418
184, 264
181, 358
184, 266
181, 362
182, 333
184, 271
181, 367
185, 244
182, 337
183, 307
181, 371
191, 62
191, 63
189, 125
190, 96
181, 376
185, 253
181, 378
185, 259
187, 197
190, 105
180, 415
191, 74
183, 322
190, 106
186, 232
186, 233
189, 140
184, 295
181, 389
190, 111
191, 82
183, 330
189, 144
182, 361
191, 83
181, 394
180, 425
186, 240
185, 272
187, 210
187, 211
184, 307
182, 369
190, 122
187, 216
181, 405
188, 189
182, 375
188, 190
186, 253
191, 99
185, 286
188, 195
181, 412
192, 76
184, 328
181, 422
187, 237
185, 300
185, 302
186, 271
192, 85
188, 210
185, 304
186, 279
188, 218
185, 315
183, 378
188, 224
190, 163
186, 288
187, 257
187, 260
184, 353
185, 323
190, 170
182, 419
184, 357
192, 109
190, 172
185, 327
193, 80
187, 269
189, 211
182, 428
185, 335
193, 89
183, 400
194, 60
188, 247
184, 371
190, 187
192, 125
192, 126
193, 96
191, 158
183, 407
185, 346
191, 161
190, 193
194, 71
194, 72
193, 104
190, 197
193, 105
189, 229
183, 415
190, 200
185, 356
191, 170
189, 232
193, 111
193, 112
183, 425
185, 364
191, 179
188, 273
189, 242
192, 150
193, 119
187, 307
191, 185
191, 187
190, 218
183, 435
195, 64
192, 157
193, 127
188, 284
190, 224
191, 194
189, 258
184, 413
193, 138
185, 386
195, 76
194, 108
186, 358
184, 421
187, 328
185, 392
192, 175
194, 114
185, 393
191, 207
191, 208
193, 147
195, 85
189, 271
186, 367
191, 212
194, 120
189, 275
184, 432
196, 60
184, 433
185, 402
192, 186
185, 403
195, 93
195, 94
191, 218
187, 343
187, 347
186, 379
185, 411
191, 227
195, 103
187, 352
192, 197
191, 229
186, 385
189, 292
191, 230
194, 139
191, 232
196, 79
185, 420
189, 297
186, 391
191, 237
186, 393
194, 145
186, 395
191, 240
187, 365
194, 149
185, 429
194, 150
189, 307
187, 370
195, 122
192, 215
188, 339
191, 248
197, 62
190, 280
192, 218
197, 63
197, 64
192, 219
188, 345
187, 376
188, 346
196, 98
189, 315
197, 68
190, 285
195, 131
187, 381
187, 382
190, 290
186, 418
187, 389
197, 80
197, 81
192, 236
187, 391
189, 330
196, 113
189, 331
190, 300
192, 238
186, 425
188, 364
190, 302
191, 271
195, 147
186, 426
193, 212
196, 119
197, 90
188, 369
191, 276
191, 277
193, 216
189, 340
196, 125
186, 436
190, 312
188, 374
195, 158
187, 406
198, 66
194, 190
186, 438
190, 315
192, 253
197, 99
197, 100
197, 101
189, 350
198, 72
188, 386
189, 357
195, 171
195, 173
191, 299
196, 144
187, 423
197, 114
193, 238
189, 363
198, 85
193, 241
188, 397
190, 335
199, 59
192, 277
198, 93
188, 403
188, 404
189, 373
194, 218
195, 189
193, 252
189, 378
190, 347
193, 256
198, 102
199, 72
195, 196
195, 197
197, 136
194, 229
196, 168
196, 169
193, 263
188, 420
191, 327
195, 204
194, 237
194, 239
197, 146
196, 180
195, 212
197, 150
188, 430
189, 401
198, 123
197, 154
200, 61
197, 155
196, 188
199, 96
190, 375
197, 159
196, 191
189, 408
198, 130
191, 349
194, 256
190, 381
196, 196
194, 259
196, 197
197, 166
192, 321
190, 385
192, 324
198, 139
197, 170
189, 419
191, 358
193, 297
200, 80
198, 143
190, 392
199, 113
196, 206
194, 269
198, 148
190, 399
191, 368
192, 339
198, 153
192, 340
194, 279
201, 64
193, 312
189, 438
196, 221
196, 222
200, 99
195, 254
192, 348
195, 255
199, 131
191, 383
190, 415
198, 168
201, 77
196, 232
201, 78
198, 171
191, 388
196, 233
192, 357
195, 265
194, 296
199, 141
193, 330
190, 424
190, 425
201, 84
201, 85
194, 302
198, 181
197, 212
194, 309
195, 279
192, 372
191, 403
201, 94
193, 343
196, 250
198, 191
193, 346
200, 130
192, 378
199, 161
202, 70
193, 351
198, 197
191, 414
194, 321
194, 322
198, 200
199, 170
195, 294
197, 232
193, 359
193, 360
201, 112
195, 300
197, 238
196, 271
203, 57
194, 337
193, 369
200, 152
192, 401
197, 246
198, 216
192, 402
197, 250
196, 281
196, 282
202, 98
193, 378
196, 285
201, 131
192, 411
201, 132
200, 164
199, 196
203, 72
194, 352
201, 136
193, 386
198, 232
197, 263
200, 171
193, 390
193, 391
199, 205
201, 145
198, 239
203, 84
200, 178
196, 302
201, 149
195, 335
193, 398
197, 274
192, 429
196, 306
197, 275
202, 121
201, 153
195, 339
197, 278
194, 373
199, 219
202, 127
201, 159
194, 376
193, 407
198, 256
197, 288
200, 197
198, 260
193, 416
195, 355
197, 294
198, 264
200, 206
201, 176
197, 301
202, 146
193, 426
199, 240
197, 305
196, 337
203, 124
198, 279
204, 94
194, 404
195, 373
200, 218
194, 405
200, 220
193, 439
203, 130
202, 163
204, 102
194, 413
201, 198
197, 323
195, 386
197, 325
195, 387
196, 358
204, 112
201, 205
202, 175
204, 113
197, 331
200, 239
203, 149
196, 368
204, 120
196, 369
198, 308
205, 91
197, 339
205, 92
196, 372
195, 403
199, 279
205, 93
197, 343
200, 250
204, 126
205, 97
202, 190
199, 284
197, 347
198, 316
197, 348
201, 225
202, 196
203, 165
202, 199
205, 106
204, 139
198, 326
195, 420
203, 175
206, 83
206, 84
198, 332
205, 115
203, 180
200, 275
195, 430
195, 431
201, 245
207, 59
195, 432
207, 60
207, 61
204, 156
199, 311
206, 96
196, 406
200, 283
206, 99
202, 223
201, 254
198, 350
201, 258
201, 259
204, 167
198, 355
204, 171
199, 329
203, 207
198, 363
197, 395
207, 86
202, 242
197, 397
207, 88
203, 214
206, 124
197, 404
197, 405
198, 374
199, 344
204, 192
207, 99
205, 162
206, 132
207, 102
200, 319
197, 413
201, 290
202, 263
204, 203
207, 112
206, 143
202, 268
198, 392
207, 113
203, 238
199, 362
198, 393
202, 270
206, 149
200, 335
201, 305
208, 90
208, 91
207, 122
201, 308
199, 371
202, 278
198, 403
205, 187
203, 250
207, 127
202, 283
199, 376
199, 377
200, 346
204, 222
203, 253
206, 161
205, 192
198, 411
209, 71
203, 257
205, 196
207, 134
204, 229
208, 107
199, 389
198, 421
199, 390
202, 298
203, 268
204, 238
207, 145
207, 150
210, 57
210, 59
201, 340
208, 124
209, 95
207, 157
204, 250
205, 220
206, 190
209, 97
199, 408
208, 130
207, 162
200, 380
204, 257
205, 227
203, 289
200, 382
203, 290
203, 291
209, 106
206, 199
199, 417
206, 200
209, 109
209, 111
206, 208
205, 240
208, 148
207, 179
209, 118
203, 306
207, 182
207, 183
208, 153
205, 248
202, 342
209, 125
207, 187
211, 63
203, 312
206, 220
200, 406
210, 98
207, 192
201, 378
210, 100
206, 228
203, 321
205, 260
208, 167
200, 416
204, 293
208, 170
210, 110
211, 79
203, 327
211, 80
206, 238
209, 150
209, 151
202, 368
202, 369
210, 122
201, 401
203, 341
200, 434
207, 217
207, 218
204, 312
206, 250
205, 282
212, 67
203, 348
212, 69
207, 224
201, 412
211, 103
205, 289
209, 165
202, 383
203, 354
205, 292
206, 265
203, 360
204, 329
209, 174
204, 330
212, 82
206, 268
212, 83
205, 300
208, 208
212, 84
211, 116
206, 272
207, 243
209, 182
205, 308
209, 184
204, 342
203, 374
208, 220
207, 253
202, 408
209, 191
204, 346
205, 316
202, 409
207, 255
208, 224
201, 442
211, 134
213, 72
213, 74
205, 323
210, 168
203, 387
208, 232
205, 326
211, 140
206, 296
208, 235
209, 205
205, 329
206, 299
211, 145
210, 176
202, 425
204, 363
209, 209
209, 210
213, 86
209, 213
213, 89
214, 60
212, 122
211, 154
214, 62
205, 341
203, 403
210, 187
203, 404
208, 250
212, 127
205, 344
212, 128
202, 438
211, 160
210, 192
213, 99
205, 349
210, 194
205, 350
207, 288
211, 165
209, 228
210, 197
206, 321
204, 385
207, 292
204, 386
206, 324
209, 233
214, 78
207, 296
212, 142
210, 205
212, 143
203, 422
209, 238
204, 393
214, 90
212, 152
205, 369
203, 433
213, 123
214, 93
214, 94
212, 157
205, 374
205, 375
208, 282
215, 65
209, 252
211, 191
208, 286
213, 131
211, 194
209, 257
211, 195
214, 105
204, 416
204, 417
205, 388
205, 389
212, 175
209, 268
210, 238
209, 269
207, 332
214, 115
213, 146
209, 271
211, 210
212, 181
211, 212
210, 244
214, 122
204, 432
206, 371
209, 280
213, 156
207, 344
211, 220
210, 254
206, 378
210, 255
206, 380
205, 412
210, 258
210, 259
208, 322
215, 106
206, 386
215, 107
206, 394
216, 85
209, 302
214, 148
208, 334
216, 86
205, 427
216, 87
213, 180
207, 368
207, 369
214, 153
209, 311
215, 126
211, 250
208, 345
207, 376
211, 252
205, 440
212, 224
214, 162
215, 132
216, 101
214, 164
210, 291
209, 322
217, 75
213, 199
215, 137
207, 385
211, 262
210, 293
210, 294
217, 77
210, 295
217, 78
217, 79
208, 359
216, 111
213, 206
214, 176
214, 177
211, 272
212, 241
211, 273
209, 335
214, 180
215, 150
210, 307
217, 90
208, 371
216, 123
211, 278
213, 217
218, 62
214, 186
210, 311
208, 373
215, 157
207, 406
218, 65
215, 159
209, 346
211, 285
211, 286
216, 131
208, 379
208, 380
217, 103
216, 135
213, 228
217, 105
214, 199
211, 293
208, 387
208, 388
207, 420
215, 174
217, 114
218, 84
209, 363
212, 273
210, 338
210, 339
214, 216
218, 98
209, 378
219, 69
219, 70
219, 71
214, 226
212, 289
219, 72
209, 385
217, 138
210, 355
213, 262
215, 201
211, 326
212, 297
217, 144
208, 428
219, 87
214, 242
211, 336
219, 88
218, 119
215, 212
219, 89
213, 276
217, 152
212, 307
214, 246
214, 249
212, 312
213, 281
210, 375
212, 316
214, 255
209, 411
210, 381
209, 412
216, 196
216, 197
210, 383
220, 73
213, 290
220, 77
218, 139
212, 326
213, 299
219, 115
217, 179
210, 396
216, 210
217, 181
214, 276
219, 122
218, 153
221, 61
213, 310
209, 436
221, 64
211, 378
215, 255
219, 133
214, 290
220, 104
210, 418
210, 419
214, 297
221, 81
212, 360
216, 237
221, 83
221, 84
213, 333
212, 366
219, 150
211, 403
210, 434
213, 342
219, 157
222, 65
215, 282
220, 127
221, 97
221, 98
222, 68
221, 99
213, 347
217, 223
217, 224
217, 225
211, 413
216, 259
219, 166
213, 352
211, 416
213, 357
219, 171
217, 234
216, 266
221, 111
213, 359
221, 112
215, 298
217, 239
220, 146
219, 179
220, 148
217, 241
214, 336
212, 399
211, 430
216, 276
221, 123
215, 309
213, 373
217, 250
217, 253
212, 409
215, 317
221, 132
216, 288
211, 444
215, 323
217, 263
214, 356
220, 174
212, 425
222, 115
214, 363
213, 395
219, 214
223, 94
220, 188
223, 95
221, 157
222, 128
213, 408
218, 253
212, 439
218, 254
216, 316
219, 224
212, 442
223, 105
222, 136
219, 230
218, 262
216, 326
213, 420
218, 265
215, 359
214, 391
217, 301
225, 54
219, 240
215, 365
218, 273
220, 214
222, 153
220, 216
222, 154
214, 402
213, 436
216, 344
220, 220
224, 96
213, 438
223, 129
222, 160
221, 191
216, 351
218, 289
217, 322
223, 139
215, 388
219, 264
223, 141
217, 329
218, 299
220, 238
218, 301
225, 86
223, 148
218, 304
225, 87
214, 428
214, 429
226, 57
214, 430
221, 216
224, 124
220, 248
220, 249
217, 342
226, 63
218, 312
216, 376
220, 252
222, 190
221, 222
217, 346
219, 285
220, 255
223, 163
223, 164
225, 103
218, 321
221, 229
223, 167
216, 385
222, 203
217, 360
221, 238
221, 239
215, 426
225, 116
215, 427
225, 119
220, 275
224, 152
226, 91
219, 309
222, 218
226, 95
216, 405
220, 281
227, 65
220, 282
227, 66
224, 159
218, 345
225, 129
216, 408
225, 130
227, 69
217, 379
215, 442
221, 256
217, 381
227, 72
215, 445
220, 290
220, 291
224, 171
225, 141
224, 172
217, 389
216, 421
217, 391
226, 113
221, 270
218, 365
218, 367
222, 243
219, 337
217, 401
224, 184
220, 308
223, 216
219, 342
217, 404
226, 126
223, 219
224, 188
221, 282
216, 438
227, 97
218, 376
225, 160
223, 223
227, 99
227, 100
226, 132
225, 164
228, 73
226, 136
221, 292
220, 324
218, 387
228, 78
224, 202
228, 80
224, 206
226, 145
222, 269
224, 208
229, 54
224, 209
221, 304
223, 242
223, 243
229, 58
223, 245
226, 152
224, 214
217, 432
229, 61
217, 434
220, 343
227, 127
225, 189
220, 345
225, 190
224, 222
218, 408
223, 253
227, 129
218, 410
218, 411
219, 381
224, 227
222, 290
224, 229
228, 106
226, 171
220, 358
223, 265
220, 360
229, 81
225, 205
229, 83
225, 207
229, 86
224, 241
223, 272
221, 335
218, 429
221, 336
223, 275
228, 123
223, 280
227, 157
222, 313
221, 345
220, 376
220, 379
222, 317
228, 134
222, 321
222, 324
221, 356
229, 113
227, 177
225, 239
222, 333
221, 365
224, 274
222, 336
225, 243
223, 305
228, 152
224, 276
226, 215
220, 401
225, 246
225, 247
228, 154
225, 248
229, 124
230, 95
224, 281
225, 250
226, 221
225, 254
223, 316
231, 71
228, 165
222, 351
228, 166
221, 383
220, 415
228, 167
223, 324
229, 138
231, 77
229, 140
228, 172
229, 141
231, 79
228, 173
223, 328
226, 235
228, 174
222, 360
223, 330
227, 208
228, 178
232, 55
226, 241
225, 272
228, 180
229, 150
221, 398
230, 119
222, 368
230, 122
223, 339
224, 310
228, 191
221, 409
221, 410
222, 379
230, 131
229, 162
221, 411
223, 350
225, 288
231, 102
230, 133
231, 103
228, 197
226, 260
227, 229
223, 355
226, 264
222, 389
228, 204
226, 267
226, 268
222, 392
232, 82
222, 393
224, 331
229, 177
229, 179
229, 181
221, 431
227, 247
228, 217
225, 310
231, 125
230, 156
231, 126
222, 405
229, 189
222, 406
223, 375
233, 67
226, 284
230, 162
230, 163
225, 319
225, 320
227, 258
226, 289
224, 352
223, 385
228, 230
231, 138
228, 233
231, 141
225, 327
222, 421
228, 238
231, 148
228, 242
227, 274
231, 150
233, 90
228, 246
225, 340
226, 309
233, 94
225, 343
231, 158
226, 314
231, 159
229, 222
231, 160
222, 440
230, 193
230, 195
223, 413
234, 72
224, 382
227, 290
230, 198
234, 75
234, 76
231, 171
229, 235
227, 298
233, 114
229, 238
227, 301
224, 395
225, 364
233, 118
229, 242
228, 275
232, 153
232, 154
231, 189
224, 407
228, 284
234, 98
224, 408
224, 409
234, 100
234, 102
230, 227
234, 103
233, 136
223, 447
233, 137
228, 293
225, 387
230, 233
231, 202
228, 296
235, 81
235, 82
231, 208
236, 54
224, 427
236, 55
228, 303
224, 428
228, 304
235, 88
236, 57
228, 306
224, 431
225, 401
232, 184
236, 61
227, 340
234, 124
236, 63
225, 405
229, 282
233, 158
232, 191
224, 439
233, 162
230, 259
226, 383
227, 354
229, 292
232, 202
232, 204
228, 329
234, 144
232, 207
235, 114
235, 115
230, 270
229, 303
227, 366
231, 243
227, 368
229, 308
230, 279
225, 434
233, 186
230, 280
232, 219
233, 188
233, 189
234, 158
229, 314
237, 68
227, 378
235, 130
235, 132
229, 319
228, 350
235, 133
231, 257
232, 227
228, 352
234, 166
226, 414
237, 75
230, 292
226, 416
226, 417
232, 232
233, 203
231, 266
229, 328
230, 297
227, 391
228, 360
234, 174
233, 205
228, 361
231, 269
226, 427
228, 369
235, 153
228, 370
231, 283
227, 408
230, 316
233, 224
227, 412
234, 196
228, 384
228, 385
232, 263
238, 78
237, 110
229, 358
227, 421
238, 81
227, 422
234, 206
238, 83
233, 240
230, 334
238, 86
232, 274
231, 307
238, 91
228, 401
231, 309
228, 402
228, 403
230, 341
233, 249
232, 280
237, 125
237, 126
232, 281
234, 220
228, 406
228, 409
236, 161
235, 192
235, 193
227, 441
237, 133
232, 288
227, 444
228, 413
228, 415
234, 229
235, 198
231, 324
237, 142
238, 111
233, 267
231, 330
238, 113
231, 332
234, 240
232, 302
238, 117
233, 272
229, 397
236, 182
238, 120
231, 337
230, 371
229, 402
240, 61
229, 403
230, 373
235, 218
230, 374
233, 281
236, 189
230, 375
228, 438
234, 252
231, 345
234, 257
239, 102
238, 134
237, 165
231, 355
236, 203
237, 173
233, 297
230, 395
232, 333
229, 427
237, 180
235, 242
230, 399
231, 368
238, 152
233, 307
234, 276
230, 401
232, 339
239, 124
232, 341
237, 188
239, 126
239, 127
237, 191
239, 130
239, 132
236, 225
237, 195
236, 226
234, 291
237, 198
240, 106
230, 417
240, 108
238, 170
231, 387
240, 109
238, 171
231, 389
231, 390
230, 421
231, 391
230, 422
239, 143
240, 114
236, 238
241, 84
231, 394
240, 117
239, 150
235, 274
241, 89
233, 338
236, 245
241, 92
232, 372
232, 373
232, 374
238, 190
232, 377
236, 253
239, 161
238, 192
232, 378
237, 223
239, 162
237, 225
232, 380
231, 412
231, 414
230, 445
236, 260
234, 324
236, 263
237, 232
238, 203
239, 175
243, 52
234, 331
239, 176
243, 53
238, 209
239, 179
233, 365
243, 56
243, 57
233, 368
236, 275
243, 58
232, 400
243, 60
240, 153
238, 216
232, 402
233, 373
243, 63
237, 250
241, 130
233, 378
231, 440
237, 255
239, 194
231, 442
243, 70
231, 443
234, 351
243, 73
235, 321
243, 74
235, 325
237, 263
242, 110
234, 358
237, 267
241, 145
238, 238
233, 394
233, 396
232, 427
239, 210
241, 148
241, 151
236, 307
238, 247
235, 341
240, 186
235, 342
235, 343
238, 251
235, 346
238, 256
238, 257
235, 353
234, 384
237, 291
241, 169
233, 419
236, 327
244, 79
241, 174
233, 424
235, 362
241, 176
233, 426
244, 86
241, 180
237, 306
236, 337
240, 214
236, 338
243, 122
239, 247
244, 95
243, 126
241, 189
244, 97
243, 128
235, 377
244, 98
244, 100
234, 410
238, 288
234, 413
239, 258
239, 260
240, 230
239, 262
240, 232
236, 357
239, 264
240, 234
242, 172
239, 266
237, 331
238, 300
237, 332
246, 55
246, 57
246, 58
238, 306
239, 275
246, 59
235, 401
246, 61
240, 247
235, 402
238, 311
241, 219
237, 344
246, 66
246, 67
238, 315
234, 440
241, 223
246, 69
242, 193
238, 319
234, 446
240, 260
245, 106
244, 137
243, 168
236, 387
239, 295
245, 109
238, 326
236, 390
244, 143
240, 268
240, 270
245, 116
243, 179
241, 242
239, 305
240, 274
245, 120
235, 430
235, 431
238, 339
240, 279
239, 312
240, 283
244, 161
237, 379
247, 71
237, 382
247, 75
237, 385
239, 325
236, 418
236, 420
236, 421
240, 298
247, 81
239, 329
236, 422
247, 82
244, 176
243, 207
242, 238
247, 83
239, 331
236, 425
242, 239
244, 181
247, 89
241, 276
238, 370
247, 91
242, 247
243, 216
245, 155
247, 94
243, 220
247, 97
240, 314
240, 315
237, 408
242, 254
247, 100
237, 411
245, 163
242, 257
237, 413
241, 291
237, 415
242, 260
242, 263
247, 108
244, 202
239, 360
243, 239
246, 146
246, 147
243, 241
242, 272
242, 273
240, 335
245, 181
244, 212
243, 245
240, 339
238, 402
240, 341
245, 187
242, 285
242, 289
239, 382
245, 197
241, 322
240, 353
240, 354
242, 292
237, 447
239, 386
241, 326
246, 171
245, 205
244, 237
241, 330
248, 116
250, 55
243, 273
246, 180
244, 243
250, 58
238, 431
247, 153
248, 122
242, 309
238, 434
243, 279
247, 156
248, 125
238, 436
241, 344
250, 65
242, 314
240, 376
250, 66
241, 346
238, 440
250, 68
248, 132
250, 70
238, 443
242, 319
246, 196
244, 258
245, 227
244, 259
250, 73
247, 166
239, 415
247, 167
250, 75
250, 76
250, 78
242, 329
239, 423
250, 83
239, 424
250, 84
242, 332
250, 85
243, 302
243, 303
239, 428
250, 88
243, 305
243, 307
250, 90
244, 277
250, 92
248, 155
248, 156
243, 311
250, 95
240, 405
240, 406
243, 313
242, 345
250, 98
250, 99
247, 193
244, 286
240, 410
242, 350
245, 258
240, 413
242, 351
245, 259
244, 291
247, 198
246, 230
244, 294
241, 388
250, 110
244, 296
241, 391
245, 268
250, 115
250, 116
247, 210
248, 179
247, 211
241, 397
247, 214
250, 121
246, 246
250, 123
248, 186
243, 342
250, 125
250, 130
247, 223
248, 193
242, 379
246, 256
248, 195
250, 135
250, 137
250, 138
243, 355
250, 139
248, 202
250, 141
250, 142
243, 360
250, 143
243, 361
245, 299
250, 145
248, 208
250, 147
247, 242
245, 304
250, 149
245, 305
250, 152
246, 276
247, 245
249, 184
245, 309
248, 219
248, 220
246, 283
241, 439
250, 161
249, 193
248, 225
248, 226
241, 443
250, 165
241, 444
244, 353
249, 199
244, 354
250, 168
253, 77
245, 328
248, 237
242, 423
243, 394
243, 395
245, 333
242, 427
245, 335
242, 429
254, 58
248, 244
253, 89
242, 430
252, 121
252, 122
253, 91
254, 60
246, 310
253, 94
249, 218
252, 125
248, 250
254, 64
254, 65
250, 189
253, 97
252, 128
246, 314
246, 315
253, 98
244, 377
249, 223
254, 68
252, 131
253, 100
244, 379
247, 287
253, 101
253, 102
252, 133
251, 165
249, 229
252, 136
251, 168
253, 106
248, 261
245, 354
246, 323
250, 200
251, 170
245, 356
244, 388
247, 296
248, 265
250, 203
250, 204
247, 303
250, 211
252, 150
247, 305
249, 244
251, 183
249, 248
249, 250
250, 225
251, 194
249, 257
250, 228
249, 259
247, 324
250, 234
248, 297
250, 235
249, 267
249, 270
250, 239
248, 304
252, 182
248, 306
252, 184
253, 155
251, 218
252, 187
254, 126
251, 220
252, 191
250, 254
246, 379
251, 224
255, 101
245, 411
250, 256
245, 412
246, 381
244, 444
250, 259
245, 415
244, 446
250, 260
254, 136
253, 167
253, 168
255, 106
254, 138
254, 139
248, 325
255, 109
247, 357
254, 142
255, 111
256, 80
252, 204
246, 390
245, 421
256, 81
252, 205
255, 112
245, 424
257, 52
246, 394
245, 425
256, 84
245, 426
255, 116
257, 55
255, 118
249, 304
256, 87
255, 119
257, 57
249, 305
250, 274
254, 150
245, 430
255, 121
249, 308
256, 91
255, 123
257, 62
245, 434
249, 311
257, 64
245, 436
249, 313
251, 252
256, 97
250, 284
245, 439
256, 98
252, 223
252, 224
257, 69
256, 100
250, 287
257, 70
251, 258
257, 73
254, 167
251, 261
257, 75
250, 293
249, 325
252, 239
254, 178
250, 303
253, 210
250, 305
252, 243
250, 306
252, 247
250, 311
255, 158
251, 287
254, 195
249, 351
256, 134
254, 199
256, 137
253, 232
249, 358
256, 143
253, 237
253, 238
249, 364
257, 116
252, 271
249, 369
255, 183
248, 401
254, 215
248, 403
257, 125
257, 126
258, 95
253, 250
258, 96
248, 408
258, 99
256, 161
258, 101
255, 196
255, 197
258, 104
248, 415
253, 260
249, 385
254, 230
253, 262
252, 293
259, 78
259, 79
249, 389
254, 235
259, 82
259, 83
253, 270
251, 332
251, 334
249, 397
257, 149
259, 87
248, 429
252, 305
249, 399
251, 337
252, 306
259, 89
255, 215
252, 308
259, 92
251, 343
260, 64
248, 437
254, 252
251, 345
248, 439
255, 222
260, 67
254, 255
252, 318
248, 442
251, 349
258, 132
254, 257
253, 289
256, 197
258, 135
257, 166
254, 260
248, 447
251, 354
253, 292
254, 262
255, 232
257, 172
253, 297
255, 235
252, 330
251, 361
252, 331
256, 208
252, 333
257, 181
251, 367
252, 337
259, 122
254, 278
251, 371
259, 123
258, 155
257, 187
256, 218
255, 250
258, 158
257, 191
253, 317
259, 131
258, 162
251, 383
260, 105
254, 292
256, 231
257, 201
260, 108
260, 109
254, 296
253, 328
257, 205
251, 391
253, 329
255, 268
258, 176
254, 300
255, 272
259, 148
259, 149
255, 273
259, 151
251, 399
258, 183
257, 216
256, 249
258, 188
261, 98
255, 284
253, 347
256, 254
259, 163
258, 194
260, 134
259, 165
257, 228
256, 261
255, 292
253, 355
260, 139
260, 141
257, 234
260, 143
253, 366
253, 367
256, 276
262, 91
252, 401
261, 122
260, 154
256, 278
258, 218
257, 250
253, 374
253, 377
258, 223
263, 69
254, 348
252, 411
263, 71
258, 230
252, 417
258, 232
260, 170
257, 263
252, 419
252, 421
257, 266
252, 422
255, 330
259, 206
252, 424
256, 300
264, 52
261, 146
258, 239
257, 271
255, 334
264, 57
256, 305
262, 120
262, 121
252, 431
255, 338
264, 61
252, 433
256, 311
264, 64
260, 188
256, 315
257, 285
256, 317
252, 441
252, 442
263, 101
258, 256
263, 102
259, 226
258, 258
256, 321
252, 448
259, 231
262, 140
256, 326
263, 109
260, 206
255, 361
255, 363
256, 332
260, 212
254, 398
255, 369
254, 400
260, 214
264, 91
257, 309
255, 371
259, 247
254, 402
264, 93
256, 343
254, 406
264, 97
264, 99
263, 131
259, 258
256, 351
260, 229
256, 354
263, 143
260, 238
261, 207
258, 300
262, 177
264, 116
261, 211
264, 118
265, 87
261, 212
259, 275
264, 120
260, 246
264, 123
256, 373
260, 250
256, 375
259, 283
258, 314
262, 190
266, 68
263, 162
266, 69
255, 411
263, 163
266, 71
263, 164
258, 320
264, 134
266, 72
255, 413
262, 197
258, 321
256, 383
261, 229
257, 357
263, 173
256, 391
262, 205
255, 422
265, 113
260, 268
256, 392
257, 362
261, 238
260, 269
265, 115
263, 178
257, 366
261, 244
255, 431
260, 276
267, 61
261, 248
255, 434
255, 435
261, 251
258, 345
259, 315
266, 100
265, 132
263, 194
262, 225
262, 226
259, 320
261, 259
266, 104
266, 106
264, 168
261, 263
268, 52
261, 271
257, 396
262, 243
262, 246
260, 309
257, 404
258, 373
258, 375
263, 221
258, 376
265, 160
261, 288
256, 443
258, 381
262, 259
256, 448
265, 169
263, 232
262, 264
264, 203
261, 297
268, 80
263, 235
265, 175
262, 269
259, 363
262, 270
268, 84
262, 271
267, 116
268, 87
259, 366
267, 119
263, 244
264, 213
261, 306
266, 155
266, 156
265, 189
261, 313
264, 220
262, 284
262, 286
269, 73
264, 228
260, 353
267, 137
268, 106
265, 200
269, 76
260, 355
259, 386
269, 77
266, 171
260, 357
269, 78
267, 140
261, 327
258, 420
268, 110
269, 79
259, 391
264, 236
265, 205
261, 329
258, 424
261, 331
258, 425
258, 426
261, 334
258, 427
263, 273
267, 150
258, 429
263, 274
258, 432
258, 433
263, 279
270, 62
261, 342
266, 188
270, 64
267, 157
267, 158
266, 190
267, 160
261, 346
268, 129
268, 130
261, 347
263, 285
270, 69
261, 349
264, 256
267, 165
268, 135
267, 167
264, 262
265, 232
266, 201
266, 204
267, 174
264, 268
261, 362
261, 363
261, 364
264, 271
267, 180
266, 211
271, 56
266, 212
271, 59
260, 400
266, 214
270, 90
270, 91
264, 278
268, 154
267, 186
270, 93
260, 404
262, 342
269, 125
269, 126
262, 343
270, 95
263, 312
264, 281
266, 220
260, 406
260, 408
267, 192
268, 162
260, 414
265, 259
259, 445
266, 229
265, 261
261, 385
262, 355
265, 262
259, 448
266, 232
268, 171
262, 358
269, 141
265, 267
268, 175
271, 82
268, 176
271, 83
269, 147
267, 210
269, 149
269, 150
269, 151
264, 307
268, 183
263, 340
267, 217
265, 280
268, 189
262, 375
269, 158
270, 131
267, 225
263, 351
272, 73
266, 264
272, 79
270, 143
265, 298
264, 331
266, 271
266, 273
269, 181
266, 275
266, 276
270, 152
268, 215
269, 185
267, 248
270, 155
265, 310
271, 126
273, 65
273, 66
264, 345
265, 315
263, 378
266, 285
269, 193
273, 70
263, 380
264, 349
266, 289
272, 103
272, 104
263, 383
266, 290
269, 199
264, 355
270, 170
271, 139
267, 263
270, 173
266, 297
268, 239
266, 302
270, 178
270, 179
272, 121
268, 246
274, 60
272, 122
265, 341
270, 186
262, 435
271, 159
263, 408
262, 439
262, 440
262, 441
269, 224
263, 410
273, 101
262, 442
265, 352
267, 290
265, 355
269, 232
270, 202
269, 233
267, 295
270, 205
268, 267
272, 143
265, 360
268, 268
270, 207
273, 115
268, 271
275, 54
273, 116
273, 117
267, 303
265, 365
274, 90
266, 339
274, 93
268, 280
271, 187
273, 127
267, 314
273, 128
265, 378
273, 131
265, 382
266, 351
264, 417
264, 419
270, 233
273, 140
274, 109
272, 173
274, 111
264, 422
272, 175
271, 207
270, 239
275, 85
264, 426
275, 86
266, 366
275, 88
270, 243
270, 245
271, 215
267, 339
266, 372
274, 126
265, 406
268, 317
274, 133
268, 320
270, 259
268, 321
275, 104
273, 167
275, 105
269, 292
275, 106
266, 386
267, 356
266, 388
276, 78
269, 296
266, 389
270, 266
274, 143
273, 175
276, 83
274, 145
269, 302
267, 366
275, 118
265, 428
271, 243
273, 181
265, 429
275, 119
265, 432
274, 153
265, 433
269, 310
265, 435
267, 374
273, 188
271, 251
267, 375
273, 189
267, 376
276, 98
271, 253
267, 378
276, 100
266, 411
274, 164
277, 72
266, 413
277, 73
274, 168
275, 137
271, 262
269, 325
275, 141
273, 205
271, 267
272, 236
276, 115
271, 271
271, 272
272, 241
267, 396
269, 337
273, 213
273, 216
277, 92
272, 249
271, 281
272, 250
274, 189
278, 65
271, 283
270, 316
266, 441
268, 381
275, 164
276, 135
277, 105
271, 294
273, 233
277, 109
267, 420
273, 235
271, 299
276, 144
272, 269
267, 425
271, 303
272, 273
278, 87
269, 367
271, 305
277, 119
276, 150
269, 368
271, 306
277, 122
271, 309
273, 247
279, 62
272, 281
270, 344
268, 407
277, 129
271, 316
270, 350
278, 102
270, 352
271, 326
271, 327
273, 266
269, 390
274, 235
279, 81
269, 391
270, 360
275, 206
279, 82
272, 299
273, 270
280, 54
270, 364
274, 241
277, 148
275, 211
268, 428
268, 430
272, 307
268, 431
268, 432
270, 371
268, 434
275, 217
276, 186
278, 125
273, 282
277, 158
269, 408
279, 98
269, 409
279, 99
277, 165
280, 73
273, 290
272, 322
271, 355
273, 293
277, 169
280, 78
272, 329
276, 205
270, 392
272, 330
272, 332
274, 271
271, 365
270, 398
278, 151
278, 153
274, 278
280, 93
269, 438
281, 67
271, 378
275, 254
281, 69
272, 350
269, 444
272, 352
272, 353
270, 417
275, 264
270, 420
277, 205
278, 175
270, 423
273, 333
273, 334
274, 303
280, 117
275, 273
281, 88
281, 89
272, 369
276, 246
273, 340
275, 278
272, 374
271, 405
276, 251
271, 407
278, 190
281, 101
278, 194
279, 163
281, 103
270, 447
280, 137
279, 169
275, 296
280, 143
274, 331
278, 208
279, 177
275, 301
271, 426
279, 178
273, 365
271, 428
271, 429
276, 274
271, 430
277, 244
274, 338
276, 277
279, 184
274, 343
275, 313
274, 344
273, 375
276, 282
277, 252
280, 160
272, 410
272, 411
281, 133
277, 257
279, 196
274, 351
277, 260
283, 75
281, 140
280, 172
278, 234
282, 110
273, 392
278, 238
273, 394
279, 208
284, 54
275, 334
284, 55
281, 149
277, 274
281, 151
278, 245
280, 184
283, 92
276, 310
277, 280
276, 312
272, 436
272, 437
282, 128
277, 284
282, 131
280, 195
278, 258
283, 103
283, 104
284, 73
276, 321
277, 292
276, 325
276, 326
273, 419
282, 142
280, 205
273, 423
283, 115
278, 271
277, 302
274, 396
284, 88
274, 398
281, 182
279, 244
284, 89
279, 246
280, 216
276, 345
279, 252
279, 254
285, 68
280, 225
284, 101
279, 257
283, 133
283, 134
273, 445
283, 135
274, 415
283, 138
275, 386
275, 388
285, 80
282, 173
283, 143
276, 361
277, 330
280, 238
281, 207
274, 426
279, 272
282, 180
278, 304
281, 212
274, 430
279, 276
277, 338
275, 401
275, 402
284, 123
275, 403
286, 62
286, 63
275, 405
282, 190
285, 97
279, 285
284, 130
281, 225
279, 288
284, 133
278, 320
280, 258
286, 77
281, 232
282, 202
277, 357
284, 141
277, 358
278, 328
284, 142
283, 174
282, 205
278, 332
281, 240
283, 178
280, 272
285, 117
280, 273
285, 119
280, 276
282, 216
280, 280
286, 94
276, 407
285, 130
282, 223
276, 409
281, 256
276, 411
287, 73
286, 104
287, 74
281, 261
282, 236
279, 331
286, 114
284, 176
286, 115
281, 271
287, 86
276, 427
276, 431
277, 400
279, 339
277, 402
279, 341
286, 125
286, 126
281, 283
288, 68
285, 161
288, 69
280, 318
276, 442
277, 413
286, 134
276, 444
279, 356
277, 418
282, 263
279, 357
286, 140
287, 109
286, 141
282, 266
286, 142
283, 235
285, 174
288, 82
285, 179
279, 366
285, 182
279, 371
277, 435
278, 405
289, 64
277, 436
288, 95
289, 65
289, 66
288, 97
283, 254
282, 286
287, 131
286, 168
283, 261
285, 201
286, 170
287, 140
286, 171
285, 203
286, 173
283, 266
285, 205
284, 237
285, 207
281, 332
286, 179
280, 367
279, 398
290, 58
281, 337
288, 121
290, 60
290, 61
287, 155
281, 342
282, 312
285, 219
288, 127
280, 376
282, 315
280, 378
278, 440
279, 411
283, 287
282, 320
289, 104
285, 228
286, 200
285, 231
284, 263
288, 142
289, 114
285, 240
279, 426
288, 148
282, 334
283, 303
289, 117
283, 304
291, 56
289, 118
290, 88
279, 429
282, 339
288, 154
285, 248
281, 372
289, 125
283, 314
285, 253
287, 191
282, 348
287, 194
281, 380
281, 382
285, 258
283, 320
287, 197
281, 383
284, 292
285, 263
286, 232
282, 356
289, 139
287, 202
290, 112
281, 391
291, 82
281, 392
287, 206
281, 393
288, 176
289, 145
291, 84
289, 146
281, 394
283, 333
289, 150
287, 212
288, 182
287, 213
282, 368
290, 121
280, 432
290, 123
289, 154
280, 434
292, 63
291, 94
284, 312
292, 66
290, 130
285, 285
287, 224
285, 288
289, 165
287, 228
290, 136
286, 260
291, 106
285, 293
291, 107
289, 170
287, 233
284, 326
291, 109
285, 296
291, 110
287, 236
281, 422
283, 360
281, 423
288, 206
287, 240
284, 336
288, 213
286, 276
293, 59
290, 153
283, 370
293, 60
283, 372
289, 188
290, 158
287, 252
290, 159
289, 191
290, 161
281, 441
290, 162
285, 318
284, 349
292, 101
281, 443
290, 164
292, 102
292, 103
288, 227
289, 196
284, 351
289, 199
284, 355
284, 356
284, 357
290, 171
285, 327
283, 389
288, 234
283, 390
288, 235
286, 298
290, 176
282, 425
282, 426
293, 87
282, 429
289, 212
283, 400
286, 309
289, 217
292, 124
285, 342
285, 343
287, 283
291, 160
291, 162
294, 71
289, 227
291, 165
283, 414
284, 383
286, 322
285, 353
292, 137
289, 231
291, 170
290, 204
286, 329
292, 143
289, 237
291, 176
294, 83
294, 84
292, 147
287, 306
292, 152
293, 121
292, 153
291, 185
283, 434
294, 95
293, 128
295, 67
285, 377
288, 284
295, 68
285, 378
290, 223
288, 286
288, 288
292, 164
289, 258
293, 135
288, 291
289, 261
285, 386
288, 293
292, 170
292, 171
291, 203
290, 234
288, 297
295, 80
288, 298
294, 117
287, 334
291, 210
291, 211
289, 274
287, 337
292, 183
296, 62
287, 341
287, 342
284, 437
287, 347
291, 223
288, 317
291, 224
290, 260
291, 231
292, 200
291, 232
292, 201
290, 264
292, 202
290, 265
286, 390
295, 114
285, 426
291, 243
286, 400
288, 339
289, 308
295, 122
297, 60
291, 250
289, 313
285, 441
285, 442
290, 288
289, 319
294, 164
297, 72
296, 104
287, 383
287, 384
288, 354
293, 201
290, 296
287, 394
289, 332
295, 146
294, 177
287, 395
291, 271
297, 86
287, 396
288, 366
289, 336
291, 275
286, 431
290, 307
289, 338
292, 246
292, 248
289, 342
287, 407
297, 99
293, 223
298, 68
298, 69
294, 195
292, 258
293, 227
293, 230
295, 169
297, 108
288, 390
295, 173
298, 81
292, 269
289, 363
288, 398
288, 401
297, 123
293, 247
287, 434
297, 124
290, 344
287, 438
292, 283
298, 97
294, 222
291, 319
290, 351
294, 230
298, 106
290, 355
291, 325
293, 265
291, 329
298, 113
293, 269
292, 300
298, 114
299, 84
298, 115
299, 85
288, 426
297, 148
291, 337
295, 213
291, 340
293, 278
289, 402
295, 216
292, 310
296, 186
299, 94
293, 281
296, 188
297, 158
298, 128
293, 283
291, 347
295, 224
291, 348
288, 441
298, 134
299, 103
299, 104
293, 290
300, 73
300, 74
297, 168
292, 323
299, 110
296, 203
294, 265
299, 111
297, 173
296, 206
294, 270
290, 397
297, 180
300, 90
291, 369
292, 342
293, 311
297, 189
290, 407
292, 345
291, 376
297, 191
291, 377
296, 222
300, 99
292, 349
295, 256
296, 227
297, 196
289, 445
294, 293
296, 232
300, 108
298, 171
301, 78
290, 421
296, 236
294, 299
297, 207
293, 333
292, 365
298, 180
292, 367
301, 88
298, 181
297, 212
294, 306
293, 340
297, 217
292, 372
295, 279
296, 250
301, 97
301, 98
297, 225
292, 381
297, 226
302, 72
293, 353
293, 356
293, 358
292, 390
297, 235
291, 422
301, 113
300, 144
291, 423
298, 207
291, 425
300, 147
302, 85
295, 303
295, 304
301, 120
298, 215
299, 186
303, 62
297, 248
292, 404
295, 312
301, 127
303, 65
293, 375
295, 313
298, 220
291, 437
297, 252
294, 347
299, 193
303, 69
300, 163
294, 350
292, 413
293, 384
295, 323
297, 262
301, 139
301, 140
302, 109
299, 204
293, 391
303, 81
296, 302
297, 271
298, 240
292, 427
302, 117
302, 118
295, 336
292, 429
298, 243
297, 277
304, 60
294, 371
302, 124
304, 65
300, 191
302, 130
303, 99
302, 131
303, 101
292, 443
297, 288
297, 290
298, 259
300, 197
297, 292
301, 168
301, 169
295, 356
293, 418
302, 139
304, 78
301, 174
302, 144
303, 114
299, 238
303, 115
304, 86
293, 430
296, 339
299, 246
293, 432
293, 433
299, 248
296, 342
301, 188
299, 251
295, 375
300, 221
298, 284
297, 317
299, 257
303, 133
304, 104
303, 136
302, 167
299, 261
296, 354
299, 262
305, 76
296, 358
295, 389
304, 113
299, 268
301, 209
300, 241
298, 304
303, 150
302, 183
295, 400
296, 371
298, 309
303, 155
304, 125
305, 94
305, 95
294, 436
300, 250
304, 126
299, 282
294, 437
301, 220
296, 376
303, 159
296, 377
296, 378
303, 162
306, 70
295, 412
300, 257
304, 134
305, 103
299, 294
302, 202
305, 110
305, 111
306, 81
297, 362
295, 425
298, 332
296, 394
302, 208
301, 240
299, 303
298, 335
300, 273
300, 276
302, 214
301, 245
306, 91
304, 154
306, 92
303, 186
304, 156
298, 342
299, 312
304, 157
303, 188
300, 283
298, 346
305, 129
304, 161
306, 99
295, 440
299, 316
298, 347
306, 100
295, 441
306, 101
297, 380
297, 381
298, 351
296, 418
297, 387
299, 326
303, 202
304, 172
299, 327
305, 142
302, 235
304, 174
305, 146
300, 301
299, 334
303, 210
297, 396
307, 87
300, 305
307, 88
299, 337
296, 431
298, 369
305, 155
304, 187
301, 280
304, 188
297, 405
308, 66
305, 159
307, 98
296, 442
303, 225
301, 288
296, 443
300, 319
304, 196
298, 384
302, 261
300, 324
308, 76
302, 263
301, 294
299, 358
298, 389
301, 297
301, 298
304, 205
303, 236
298, 391
297, 422
299, 360
303, 237
308, 85
306, 149
298, 398
301, 305
304, 214
297, 433
299, 372
302, 280
297, 435
304, 219
305, 190
304, 222
304, 226
300, 351
309, 74
304, 229
307, 137
301, 325
305, 201
302, 295
308, 109
308, 110
301, 328
307, 143
300, 362
300, 363
303, 270
301, 333
303, 272
305, 211
308, 118
299, 402
303, 278
304, 247
302, 310
301, 343
300, 375
298, 437
303, 283
307, 159
304, 253
310, 69
304, 256
301, 349
299, 411
299, 412
299, 413
307, 167
309, 106
302, 326
302, 327
307, 174
305, 238
309, 114
305, 245
302, 338
307, 184
309, 123
311, 66
303, 315
305, 253
311, 67
309, 129
299, 440
305, 257
306, 227
308, 166
303, 322
301, 384
310, 106
302, 354
306, 231
302, 355
303, 325
309, 139
303, 328
308, 173
310, 111
301, 391
303, 331
302, 365
308, 180
311, 87
311, 88
307, 213
301, 400
300, 432
310, 122
305, 278
302, 374
305, 281
304, 313
312, 65
306, 252
306, 253
302, 378
305, 286
311, 102
311, 103
309, 165
308, 196
312, 73
311, 104
312, 75
301, 417
308, 201
302, 387
301, 419
303, 357
308, 203
310, 142
309, 174
307, 238
312, 84
305, 301
306, 272
304, 334
308, 211
311, 119
303, 368
303, 369
302, 402
310, 154
312, 92
311, 126
301, 437
310, 163
308, 225
308, 227
309, 197
308, 231
312, 108
311, 140
303, 389
305, 328
313, 80
306, 302
303, 395
308, 243
304, 370
313, 91
312, 124
303, 404
305, 342
305, 343
303, 405
309, 220
309, 221
312, 129
302, 439
314, 70
310, 195
311, 165
306, 321
309, 228
313, 105
313, 106
308, 262
312, 138
305, 356
314, 78
304, 390
304, 391
308, 268
304, 392
311, 177
312, 147
306, 333
305, 365
310, 211
314, 87
309, 243
314, 88
304, 400
307, 309
305, 371
306, 341
308, 279
315, 65
305, 375
315, 66
304, 407
303, 441
309, 258
312, 166
315, 75
315, 76
310, 231
311, 201
309, 263
305, 387
309, 265
312, 173
307, 329
314, 113
307, 331
315, 84
311, 209
304, 429
306, 368
311, 215
305, 401
314, 124
306, 372
311, 217
310, 249
309, 280
307, 343
316, 64
307, 347
314, 131
311, 225
313, 163
310, 258
316, 74
310, 260
312, 202
305, 422
310, 267
316, 82
309, 300
306, 396
315, 118
311, 242
313, 180
309, 305
316, 90
309, 313
315, 128
310, 284
316, 99
308, 348
312, 224
309, 318
314, 164
315, 133
311, 258
310, 290
316, 109
308, 357
310, 296
309, 328
317, 80
312, 235
311, 268
308, 361
306, 424
316, 114
313, 210
317, 88
314, 182
309, 340
306, 434
312, 249
312, 250
307, 407
312, 252
310, 315
313, 223
314, 193
311, 288
309, 350
313, 227
311, 291
311, 295
316, 140
313, 235
315, 176
314, 207
316, 145
307, 426
314, 211
317, 118
313, 244
315, 186
312, 280
310, 342
309, 373
312, 281
318, 95
313, 250
307, 437
311, 315
309, 380
308, 411
312, 287
312, 289
310, 351
319, 75
314, 233
313, 265
313, 266
313, 267
311, 330
319, 82
313, 270
319, 84
318, 116
308, 428
311, 336
313, 276
318, 122
310, 371
312, 310
309, 404
309, 405
311, 344
310, 376
312, 314
311, 345
317, 160
319, 102
316, 195
309, 413
314, 259
317, 167
311, 353
311, 354
312, 325
319, 108
311, 357
315, 233
318, 141
313, 296
317, 174
309, 423
310, 392
314, 268
315, 238
311, 363
315, 240
314, 271
317, 179
315, 241
320, 90
318, 152
317, 184
318, 155
319, 126
310, 407
312, 346
317, 191
320, 99
320, 100
321, 69
314, 286
316, 228
319, 136
317, 200
320, 113
313, 330
315, 268
319, 146
310, 426
318, 178
320, 118
314, 305
313, 337
314, 306
313, 339
314, 308
311, 401
320, 124
321, 94
313, 343
310, 437
322, 66
314, 314
321, 97
319, 160
322, 67
311, 409
313, 347
311, 410
319, 164
316, 260
319, 167
322, 75
312, 387
314, 326
312, 388
312, 389
321, 111
320, 145
314, 331
312, 396
322, 86
314, 334
311, 427
320, 149
322, 91
315, 308
314, 340
319, 186
316, 280
323, 65
313, 376
311, 438
322, 97
318, 222
318, 225
320, 163
321, 132
313, 381
323, 73
321, 137
320, 169
318, 231
314, 358
312, 420
322, 110
319, 204
320, 173
320, 174
323, 82
323, 83
320, 176
319, 207
322, 115
322, 116
313, 398
313, 399
315, 339
314, 374
319, 220
314, 377
315, 346
319, 223
317, 285
321, 162
314, 379
317, 287
323, 101
324, 70
319, 227
322, 135
320, 198
316, 323
321, 169
317, 294
316, 326
318, 265
316, 328
322, 142
324, 81
317, 299
320, 207
322, 146
319, 239
316, 334
319, 241
319, 242
319, 246
313, 434
316, 341
320, 217
313, 435
322, 157
316, 343
320, 221
321, 191
314, 408
324, 99
322, 161
323, 130
318, 286
315, 380
323, 134
317, 320
322, 166
318, 291
321, 199
318, 292
316, 354
314, 417
315, 387
314, 418
323, 140
323, 141
320, 234
324, 111
322, 174
318, 298
315, 393
316, 362
318, 302
315, 396
323, 148
320, 241
317, 335
323, 149
319, 274
316, 367
320, 244
319, 275
323, 153
324, 123
316, 371
315, 402
318, 309
322, 186
317, 341
320, 249
319, 281
314, 436
320, 250
317, 345
314, 438
326, 67
319, 285
318, 316
323, 162
318, 318
325, 103
322, 196
320, 258
325, 104
323, 167
318, 323
326, 75
326, 76
317, 355
323, 170
325, 109
315, 420
316, 389
325, 116
316, 397
326, 87
324, 150
316, 399
321, 246
322, 215
317, 372
317, 373
326, 94
316, 405
325, 126
321, 250
322, 219
320, 281
320, 282
319, 313
318, 346
324, 161
323, 193
317, 379
327, 73
321, 263
322, 234
320, 296
327, 80
322, 235
317, 391
319, 330
321, 270
321, 272
318, 365
320, 304
321, 273
323, 211
318, 370
323, 216
327, 92
327, 93
326, 125
322, 250
317, 407
321, 283
321, 284
320, 316
317, 409
325, 163
323, 225
319, 351
325, 165
321, 290
321, 291
324, 198
317, 417
318, 386
322, 263
326, 140
319, 358
328, 80
323, 235
320, 328
318, 392
320, 333
327, 117
326, 148
322, 272
326, 149
321, 306
322, 276
321, 307
320, 338
323, 246
320, 339
324, 215
318, 402
321, 309
322, 278
318, 403
325, 187
325, 189
327, 128
319, 377
319, 378
323, 255
319, 382
328, 103
324, 228
328, 104
323, 260
321, 322
329, 76
326, 169
326, 170
323, 263
324, 233
322, 295
326, 172
325, 204
326, 173
325, 206
319, 395
324, 242
326, 180
327, 150
327, 151
320, 368
321, 341
327, 155
326, 188
329, 95
319, 406
324, 251
324, 253
325, 223
327, 161
327, 162
327, 163
322, 320
319, 413
324, 259
330, 75
329, 108
326, 202
321, 358
322, 327
321, 359
328, 142
319, 421
329, 114
325, 238
320, 396
325, 243
329, 120
323, 310
326, 217
322, 341
323, 313
321, 375
325, 251
324, 282
326, 221
327, 190
328, 160
328, 161
329, 131
321, 380
331, 71
321, 381
329, 135
329, 136
320, 415
330, 106
328, 170
322, 356
331, 78
326, 235
328, 173
320, 423
328, 176
321, 393
331, 84
322, 363
328, 178
330, 117
327, 210
327, 212
323, 336
324, 307
320, 431
328, 184
331, 91
323, 339
325, 278
323, 342
325, 281
324, 313
326, 251
329, 158
325, 284
322, 377
326, 254
325, 286
329, 163
332, 70
330, 135
328, 197
329, 166
331, 105
325, 293
329, 170
331, 110
322, 389
325, 300
332, 83
327, 238
325, 301
322, 394
328, 210
328, 211
328, 213
330, 151
325, 307
327, 246
330, 154
323, 373
321, 435
327, 250
330, 157
324, 344
331, 128
322, 408
326, 284
325, 315
322, 412
327, 258
333, 72
324, 351
328, 229
323, 385
324, 355
333, 80
322, 421
328, 236
333, 81
331, 145
324, 363
327, 271
330, 179
324, 365
333, 87
333, 88
324, 369
323, 402
333, 94
325, 342
330, 188
324, 375
332, 127
325, 345
328, 252
329, 223
330, 192
325, 348
326, 317
329, 225
325, 349
323, 413
329, 227
326, 321
331, 167
331, 168
334, 77
327, 294
331, 170
329, 233
334, 78
328, 264
334, 79
325, 360
326, 330
328, 269
334, 85
329, 240
330, 209
326, 334
325, 367
329, 243
332, 151
323, 430
327, 307
326, 339
328, 277
330, 217
327, 311
324, 405
332, 157
324, 406
329, 251
326, 346
325, 377
333, 130
329, 254
328, 286
327, 317
333, 131
331, 194
333, 134
325, 382
329, 258
331, 196
327, 320
328, 291
329, 261
326, 354
329, 263
327, 325
333, 139
325, 388
328, 296
333, 142
328, 297
333, 143
324, 423
325, 393
330, 239
329, 274
327, 336
330, 244
328, 308
331, 216
326, 374
327, 344
325, 407
333, 159
334, 128
328, 314
330, 255
328, 318
333, 163
330, 257
329, 288
325, 414
326, 384
325, 415
332, 198
336, 75
325, 417
330, 262
331, 233
332, 204
333, 174
327, 360
329, 299
335, 114
327, 363
335, 115
332, 208
326, 395
328, 334
334, 149
327, 367
330, 276
335, 122
333, 185
333, 187
328, 343
336, 96
334, 158
328, 345
326, 408
333, 192
334, 161
335, 131
328, 348
333, 194
329, 318
330, 288
329, 319
330, 289
332, 228
331, 260
330, 292
331, 261
326, 417
331, 262
334, 170
330, 296
335, 141
326, 420
331, 266
337, 81
329, 329
335, 144
335, 148
331, 273
329, 335
332, 242
335, 151
336, 121
328, 370
335, 154
332, 247
333, 217
332, 248
328, 372
337, 94
329, 343
334, 191
336, 130
335, 163
333, 226
336, 134
328, 382
336, 135
335, 166
329, 355
335, 169
336, 138
333, 233
333, 236
327, 423
332, 268
329, 361
331, 300
329, 362
328, 393
333, 239
329, 366
330, 337
336, 151
332, 277
338, 92
336, 155
331, 310
337, 124
331, 312
333, 250
328, 406
328, 407
336, 162
331, 317
333, 255
333, 257
331, 320
332, 291
332, 292
335, 200
334, 232
331, 325
338, 109
336, 171
336, 174
339, 83
331, 331
339, 84
329, 394
328, 426
338, 117
337, 149
336, 180
337, 151
329, 401
329, 402
336, 185
331, 340
339, 96
333, 282
331, 344
336, 190
339, 97
338, 128
331, 346
329, 409
335, 223
337, 161
334, 257
330, 381
339, 102
332, 320
331, 352
332, 321
335, 229
337, 167
329, 415
330, 385
334, 261
333, 293
330, 390
338, 144
340, 82
337, 177
335, 239
330, 396
337, 179
329, 428
336, 212
338, 150
337, 182
336, 214
333, 309
333, 311
340, 95
338, 157
337, 191
332, 346
331, 377
339, 131
336, 225
340, 101
337, 194
335, 257
340, 102
332, 351
334, 289
337, 197
339, 135
337, 199
340, 107
337, 201
336, 232
333, 325
339, 139
334, 294
336, 233
334, 296
332, 358
336, 235
337, 205
338, 176
335, 270
340, 115
339, 147
330, 426
338, 179
341, 87
339, 152
337, 216
340, 125
332, 375
339, 159
335, 283
334, 315
333, 346
338, 193
333, 348
336, 257
336, 259
337, 228
337, 232
342, 77
331, 419
342, 78
339, 172
335, 297
341, 114
333, 363
333, 364
338, 209
339, 178
335, 303
338, 211
340, 151
333, 368
331, 431
332, 400
341, 123
335, 310
336, 280
336, 281
337, 251
340, 161
335, 317
341, 132
340, 164
336, 289
342, 103
342, 104
332, 414
335, 322
336, 291
341, 137
340, 170
338, 235
342, 112
333, 391
334, 360
336, 299
341, 145
340, 177
341, 147
338, 240
333, 395
332, 430
339, 213
337, 278
338, 248
335, 342
334, 374
338, 250
343, 96
340, 190
341, 160
339, 222
341, 161
333, 410
335, 349
343, 102
342, 135
333, 417
339, 231
343, 110
338, 265
334, 391
334, 392
335, 362
336, 331
336, 334
344, 88
336, 343
341, 189
339, 253
341, 191
337, 316
339, 254
343, 130
335, 380
335, 381
336, 350
338, 289
338, 291
339, 261
335, 388
337, 326
340, 234
343, 142
345, 80
344, 114
338, 300
343, 145
335, 394
341, 210
339, 273
336, 367
344, 119
341, 216
345, 93
339, 281
342, 188
335, 406
336, 376
340, 253
342, 191
336, 377
344, 129
337, 347
335, 413
341, 227
337, 352
336, 384
337, 353
341, 229
339, 293
345, 107
346, 77
342, 201
346, 78
335, 419
335, 420
343, 172
344, 141
341, 234
342, 205
338, 329
339, 299
337, 361
342, 207
344, 146
336, 395
346, 85
344, 147
345, 117
336, 396
345, 118
335, 429
344, 150
346, 91
345, 122
340, 278
343, 185
341, 248
337, 373
338, 342
340, 281
340, 283
338, 345
343, 190
341, 253
339, 318
343, 195
336, 414
336, 415
346, 106
338, 357
344, 174
342, 237
337, 392
338, 362
339, 334
342, 243
339, 336
347, 90
346, 122
342, 248
344, 187
343, 219
340, 314
339, 346
346, 130
338, 379
344, 193
339, 349
345, 163
342, 256
342, 258
342, 261
338, 387
342, 263
346, 139
344, 202
340, 327
343, 234
341, 296
342, 267
348, 82
338, 392
341, 300
344, 211
338, 398
338, 399
343, 245
344, 217
341, 310
339, 372
346, 156
343, 250
340, 344
345, 190
339, 376
343, 254
344, 223
338, 411
342, 289
345, 196
348, 108
338, 419
346, 172
342, 297
341, 328
341, 329
347, 143
340, 360
342, 299
341, 332
347, 147
343, 271
344, 241
341, 335
348, 119
340, 368
343, 276
345, 216
346, 186
343, 282
339, 407
341, 345
349, 101
349, 102
347, 164
342, 321
341, 352
349, 107
346, 200
341, 355
348, 139
343, 295
340, 388
339, 420
347, 172
343, 297
340, 390
341, 362
348, 146
343, 301
350, 85
341, 366
340, 397
347, 182
344, 276
341, 370
345, 248
343, 311
347, 189
342, 345
340, 408
344, 285
349, 131
347, 196
349, 137
350, 106
342, 356
347, 202
346, 233
341, 389
342, 359
347, 204
349, 145
346, 238
350, 116
346, 243
350, 121
346, 246
343, 340
346, 248
349, 156
348, 187
348, 188
342, 375
342, 376
346, 253
351, 98
351, 99
341, 409
345, 285
344, 317
344, 320
345, 289
351, 104
348, 197
350, 136
349, 167
341, 416
342, 386
349, 170
348, 202
343, 358
343, 360
350, 144
351, 115
348, 209
344, 335
349, 181
343, 368
348, 213
350, 151
342, 405
344, 344
352, 97
345, 315
350, 161
344, 348
351, 132
346, 289
345, 323
344, 355
347, 263
351, 140
349, 203
344, 359
343, 392
343, 393
342, 426
343, 395
353, 85
351, 147
347, 273
344, 366
345, 336
352, 119
349, 213
344, 369
348, 246
352, 123
351, 154
344, 374
349, 221
343, 407
351, 160
346, 316
349, 223
348, 257
349, 227
344, 383
348, 262
350, 201
343, 420
352, 141
348, 266
343, 422
353, 112
345, 362
354, 84
346, 332
354, 85
349, 241
348, 272
349, 243
347, 308
344, 402
354, 93
352, 156
349, 250
352, 160
344, 409
347, 316
349, 255
345, 380
351, 196
349, 260
345, 385
350, 231
349, 262
352, 170
351, 203
345, 390
346, 361
355, 83
352, 176
346, 363
345, 395
347, 333
352, 179
348, 304
346, 368
354, 120
351, 214
347, 338
349, 277
352, 184
352, 185
355, 92
352, 186
347, 341
345, 404
351, 218
353, 156
350, 250
350, 251
347, 344
346, 377
348, 317
345, 410
354, 132
347, 351
349, 291
348, 325
349, 294
351, 232
355, 110
351, 236
346, 391
349, 298
346, 392
347, 362
346, 400
351, 246
353, 184
350, 278
351, 248
349, 311
348, 342
347, 374
354, 158
346, 406
352, 221
347, 378
349, 318
353, 194
346, 412
350, 289
349, 320
353, 199
352, 232
346, 419
354, 175
356, 113
352, 239
348, 363
355, 147
351, 271
353, 209
354, 180
355, 150
350, 305
352, 244
353, 213
350, 307
357, 90
356, 122
352, 246
354, 186
348, 374
357, 95
353, 220
347, 407
350, 316
354, 196
353, 228
352, 259
349, 353
348, 384
350, 324
354, 201
348, 388
354, 204
357, 112
347, 422
353, 237
355, 177
348, 394
358, 88
355, 183
350, 341
358, 94
352, 281
357, 126
349, 375
351, 313
353, 251
353, 253
352, 285
356, 161
351, 317
352, 287
351, 319
350, 350
353, 257
355, 196
358, 105
355, 198
356, 167
352, 292
350, 354
353, 262
356, 170
351, 327
349, 390
356, 173
354, 236
352, 299
350, 362
353, 271
359, 86
353, 273
351, 336
354, 244
356, 183
351, 338
359, 92
357, 155
350, 372
349, 404
354, 250
358, 127
351, 344
352, 314
354, 253
354, 257
359, 104
351, 355
349, 417
355, 232
352, 326
359, 110
355, 235
356, 206
350, 392
352, 331
355, 238
357, 178
350, 397
353, 304
350, 398
359, 119
358, 151
355, 244
353, 307
351, 369
350, 403
360, 96
354, 282
358, 159
352, 345
355, 253
353, 318
350, 413
351, 382
353, 320
354, 290
353, 321
360, 107
358, 169
352, 356
356, 233
355, 267
353, 332
358, 180
357, 212
351, 398
358, 184
360, 124
357, 218
358, 187
351, 404
351, 405
356, 250
352, 375
351, 407
354, 315
351, 408
352, 379
356, 255
354, 318
352, 380
354, 321
354, 324
353, 358
357, 235
352, 390
358, 205
356, 269
360, 145
355, 305
357, 244
361, 121
358, 216
353, 372
361, 124
357, 248
362, 95
359, 189
357, 253
352, 409
361, 132
358, 225
360, 164
353, 381
354, 351
356, 289
357, 259
360, 167
353, 386
355, 325
356, 295
362, 110
361, 141
362, 111
353, 391
358, 238
361, 148
353, 397
360, 180
363, 87
354, 366
362, 120
359, 213
361, 152
354, 371
357, 280
358, 250
362, 127
359, 223
360, 193
357, 287
360, 196
354, 382
363, 104
361, 169
354, 387
358, 263
363, 109
355, 359
357, 299
357, 302
361, 178
355, 367
358, 276
359, 246
354, 402
357, 309
356, 341
357, 311
363, 126
356, 345
363, 131
358, 287
354, 412
356, 353
355, 384
360, 231
355, 388
357, 326
357, 329
355, 393
361, 208
356, 365
360, 242
361, 211
357, 335
355, 399
365, 90
360, 246
362, 184
362, 185
360, 248
357, 342
358, 312
355, 405
357, 347
359, 286
355, 411
365, 102
363, 168
360, 261
365, 107
361, 233
363, 171
365, 111
363, 174
365, 112
358, 330
359, 299
364, 146
365, 117
361, 242
359, 305
356, 400
360, 276
356, 401
364, 154
360, 278
361, 248
360, 281
361, 251
362, 220
366, 100
365, 133
356, 415
366, 106
364, 168
362, 230
357, 386
360, 295
358, 359
363, 205
357, 391
366, 116
363, 210
358, 367
363, 212
365, 153
358, 371
367, 93
364, 186
359, 343
362, 250
358, 375
357, 408
361, 284
359, 348
367, 100
359, 349
364, 194
362, 259
367, 104
358, 383
360, 325
364, 202
367, 109
365, 173
364, 205
360, 331
367, 114
366, 147
362, 273
358, 398
367, 121
366, 156
367, 126
360, 345
359, 377
364, 224
366, 163
359, 383
364, 228
361, 323
365, 200
367, 139
359, 388
364, 234
366, 172
359, 394
368, 116
362, 304
367, 151
359, 399
361, 341
362, 311
361, 342
368, 125
359, 405
361, 345
360, 377
366, 193
367, 165
367, 168
366, 199
362, 324
367, 169
362, 326
364, 264
361, 357
367, 171
364, 266
360, 390
367, 174
362, 330
368, 145
360, 394
364, 271
365, 241
367, 179
369, 119
363, 307
365, 245
360, 400
362, 339
365, 247
367, 187
370, 96
362, 347
364, 285
369, 132
361, 381
367, 199
364, 292
369, 141
370, 110
362, 358
365, 266
366, 237
368, 175
363, 331
364, 302
363, 333
370, 118
362, 366
366, 243
364, 305
364, 307
362, 371
366, 247
367, 218
365, 282
367, 221
368, 192
363, 349
365, 288
369, 164
362, 382
368, 198
370, 136
364, 325
371, 110
367, 234
368, 203
371, 112
362, 392
364, 331
371, 117
368, 210
365, 303
362, 397
369, 183
368, 215
370, 153
362, 404
370, 156
371, 126
364, 344
372, 99
362, 409
364, 348
364, 349
363, 381
372, 103
372, 104
366, 290
370, 166
367, 260
363, 384
371, 139
370, 172
371, 142
372, 111
367, 266
365, 329
367, 267
368, 237
365, 335
368, 245
365, 338
370, 183
373, 97
364, 377
370, 191
368, 254
366, 316
367, 286
365, 348
363, 410
370, 194
368, 256
365, 350
369, 227
364, 384
372, 137
372, 138
373, 107
369, 233
369, 234
366, 327
369, 237
373, 115
366, 333
371, 182
370, 215
366, 339
365, 370
369, 249
366, 342
368, 281
372, 158
369, 252
370, 222
367, 317
368, 286
373, 133
372, 165
366, 351
365, 385
374, 107
368, 293
366, 355
371, 202
366, 358
368, 296
371, 204
366, 359
365, 391
367, 330
370, 237
366, 362
372, 176
365, 396
374, 118
374, 119
368, 307
370, 247
365, 402
369, 281
366, 375
368, 315
371, 227
373, 167
366, 387
375, 108
374, 140
371, 234
369, 296
368, 328
366, 392
372, 209
368, 334
367, 367
373, 181
370, 277
374, 153
366, 403
367, 372
375, 126
372, 220
375, 127
374, 160
376, 99
368, 348
371, 258
376, 104
375, 135
369, 321
373, 199
376, 107
367, 386
368, 356
370, 296
374, 172
373, 204
367, 393
368, 364
373, 209
371, 272
372, 241
367, 398
376, 121
369, 338
373, 217
373, 219
371, 281
373, 222
368, 377
377, 98
376, 130
367, 410
370, 319
371, 290
369, 352
374, 198
377, 106
375, 169
373, 231
376, 138
368, 387
369, 362
374, 211
377, 120
372, 275
374, 214
369, 370
371, 308
377, 125
373, 249
369, 374
368, 405
373, 254
369, 379
373, 256
376, 165
373, 258
373, 260
375, 198
372, 292
376, 170
374, 234
369, 390
372, 297
370, 359
375, 206
370, 362
369, 396
378, 119
374, 250
376, 188
370, 375
369, 406
378, 128
369, 407
377, 161
372, 317
374, 258
373, 290
370, 384
371, 354
374, 261
373, 293
379, 108
373, 295
379, 109
376, 205
376, 207
378, 147
372, 334
370, 397
373, 305
378, 150
372, 337
377, 182
375, 245
370, 402
375, 249
377, 187
372, 343
371, 376
375, 252
378, 160
372, 347
380, 100
373, 320
375, 261
376, 230
373, 324
373, 326
374, 296
374, 298
379, 145
374, 301
379, 149
375, 273
378, 181
372, 369
380, 122
375, 278
374, 310
372, 372
375, 283
373, 348
378, 194
372, 381
380, 135
377, 228
375, 291
379, 168
381, 106
373, 355
379, 171
378, 204
381, 112
375, 299
373, 361
379, 175
372, 394
377, 240
379, 181
380, 152
373, 369
375, 311
374, 342
377, 249
372, 404
374, 345
375, 316
373, 378
378, 225
374, 349
379, 196
374, 352
377, 261
382, 106
373, 387
381, 140
377, 268
377, 269
376, 302
375, 336
382, 120
377, 276
373, 400
375, 339
374, 371
382, 124
380, 186
379, 218
375, 346
377, 289
375, 353
374, 384
377, 291
379, 232
381, 170
379, 233
374, 388
383, 109
378, 268
381, 176
380, 209
374, 396
383, 118
381, 180
382, 151
377, 307
383, 124
379, 250
376, 343
383, 127
382, 158
378, 283
379, 254
376, 347
375, 385
384, 108
383, 139
379, 263
380, 233
383, 142
382, 173
375, 390
376, 363
377, 337
380, 245
377, 341
379, 281
380, 252
376, 377
377, 348
382, 195
376, 381
381, 227
381, 229
383, 169
377, 355
376, 386
382, 203
376, 391
382, 205
385, 112
380, 268
385, 117
381, 247
377, 373
384, 156
381, 250
383, 192
379, 318
382, 227
380, 290
378, 352
386, 106
383, 200
377, 387
378, 356
380, 295
386, 116
384, 178
377, 397
383, 212
386, 120
380, 308
386, 125
381, 281
378, 374
382, 259
384, 197
380, 322
378, 384
386, 136
380, 324
384, 202
387, 110
384, 208
387, 115
384, 210
382, 272
379, 366
384, 211
380, 336
379, 367
381, 306
382, 277
379, 370
380, 339
379, 371
383, 249
382, 282
381, 313
384, 221
379, 379
382, 287
383, 259
381, 322
380, 354
383, 261
385, 202
380, 357
384, 235
379, 390
387, 143
388, 114
386, 177
381, 332
382, 304
385, 211
383, 275
386, 183
387, 154
384, 247
381, 340
380, 372
382, 314
380, 376
381, 346
381, 347
383, 287
384, 257
380, 385
388, 138
385, 232
381, 358
386, 204
387, 173
388, 142
384, 266
382, 329
387, 176
386, 207
388, 146
382, 332
386, 209
381, 364
389, 117
386, 211
388, 150
384, 275
385, 244
386, 214
384, 277
389, 126
386, 219
389, 127
381, 377
384, 285
387, 193
389, 133
381, 381
385, 259
384, 291
383, 323
382, 355
386, 231
388, 169
389, 141
388, 172
385, 266
390, 111
386, 235
390, 112
381, 392
387, 207
385, 270
382, 363
385, 272
382, 365
390, 117
389, 149
388, 182
386, 244
382, 369
389, 153
383, 341
382, 373
387, 218
382, 374
386, 250
388, 192
389, 162
383, 348
385, 288
389, 165
382, 383
384, 321
386, 262
387, 232
385, 294
387, 237
391, 115
391, 116
383, 364
385, 302
388, 210
384, 334
382, 398
390, 152
384, 338
383, 370
389, 185
391, 125
384, 342
389, 189
383, 375
384, 345
388, 221
390, 161
391, 131
384, 349
390, 164
385, 321
388, 228
387, 262
387, 264
383, 389
389, 203
384, 361
386, 300
385, 334
389, 210
387, 273
387, 275
392, 120
385, 339
388, 247
387, 280
390, 188
388, 252
391, 160
384, 380
385, 350
388, 257
392, 135
389, 228
388, 267
389, 237
385, 362
384, 395
392, 147
385, 366
391, 180
390, 212
392, 151
389, 247
392, 154
389, 249
388, 281
387, 313
385, 376
390, 225
388, 289
386, 351
390, 228
391, 200
385, 386
386, 358
386, 359
385, 391
386, 362
393, 146
392, 177
392, 180
387, 335
394, 118
389, 273
393, 150
386, 368
389, 278
392, 187
389, 281
392, 190
390, 252
394, 129
390, 254
389, 289
386, 382
392, 197
386, 387
389, 296
391, 234
394, 142
392, 205
386, 392
395, 117
391, 242
387, 369
389, 310
391, 249
391, 250
390, 281
389, 313
392, 220
395, 128
390, 284
387, 378
388, 348
390, 286
395, 133
388, 352
387, 383
393, 199
388, 355
392, 231
394, 169
393, 202
391, 265
394, 173
391, 267
388, 360
387, 393
395, 145
390, 301
389, 333
393, 209
391, 271
392, 242
395, 149
388, 368
388, 370
395, 158
396, 127
393, 222
391, 284
388, 379
394, 198
396, 140
392, 265
391, 296
394, 204
393, 237
390, 330
395, 175
394, 207
394, 208
394, 209
392, 274
390, 337
395, 182
396, 152
395, 186
391, 310
390, 342
397, 126
391, 313
392, 284
390, 346
393, 255
389, 380
394, 225
390, 354
394, 230
393, 262
395, 201
396, 171
396, 172
389, 390
392, 299
396, 175
395, 207
394, 239
397, 147
395, 211
396, 181
393, 274
397, 151
397, 155
396, 189
394, 252
397, 160
395, 222
396, 192
393, 285
397, 164
390, 381
391, 354
397, 171
392, 328
396, 208
395, 239
396, 213
395, 247
396, 216
399, 125
396, 219
392, 344
395, 252
391, 378
396, 224
398, 163
392, 351
397, 197
395, 260
396, 231
392, 355
397, 200
393, 325
392, 359
394, 297
399, 142
393, 332
393, 335
395, 277
397, 216
399, 154
396, 252
399, 163
395, 288
397, 229
400, 137
393, 355
400, 149
396, 277
397, 247
399, 185
400, 155
397, 250
395, 312
393, 374
396, 282
394, 345
397, 252
396, 285
393, 380
399, 194
393, 383
393, 384
401, 136
397, 260
397, 268
401, 144
396, 301
398, 239
400, 179
401, 152
396, 307
402, 122
401, 153
401, 154
396, 309
395, 341
398, 249
398, 252
397, 283
395, 346
401, 161
397, 285
399, 224
394, 380
401, 165
400, 196
399, 231
402, 140
401, 172
399, 236
400, 205
395, 361
399, 241
402, 148
397, 304
400, 212
402, 151
402, 153
396, 341
401, 187
400, 218
398, 280
395, 374
402, 157
403, 126
399, 252
396, 350
398, 296
399, 265
403, 143
399, 268
397, 331
396, 362
400, 238
403, 147
401, 212
402, 183
399, 278
399, 280
401, 218
396, 375
400, 252
399, 283
397, 347
399, 286
396, 382
400, 258
404, 134
401, 229
402, 199
404, 142
404, 143
401, 236
400, 268
399, 299
403, 175
400, 271
399, 302
400, 272
398, 335
397, 367
400, 275
403, 183
401, 246
403, 186
405, 129
402, 223
403, 195
399, 322
403, 198
401, 260
398, 355
404, 170
404, 174
401, 268
400, 299
402, 238
404, 177
403, 212
405, 152
400, 308
401, 278
404, 185
403, 217
398, 372
398, 377
401, 284
398, 379
401, 286
405, 166
406, 141
402, 266
406, 145
405, 177
399, 364
403, 241
406, 149
404, 212
403, 244
406, 151
400, 339
403, 246
400, 340
405, 185
399, 373
400, 343
402, 281
404, 220
402, 284
401, 315
402, 287
406, 166
400, 357
401, 326
407, 140
406, 173
402, 297
400, 361
406, 176
405, 208
401, 333
402, 303
407, 148
404, 241
406, 181
404, 244
401, 337
400, 370
401, 344
404, 252
406, 191
400, 378
408, 131
404, 255
406, 194
401, 350
405, 226
403, 290
408, 135
401, 354
405, 230
406, 201
401, 357
406, 205
402, 330
405, 238
403, 303
404, 272
407, 181
401, 370
408, 153
401, 374
405, 250
407, 191
403, 316
403, 319
407, 197
402, 354
408, 169
407, 200
406, 232
405, 266
409, 147
409, 149
408, 181
406, 244
405, 279
406, 249
408, 187
402, 376
406, 252
407, 222
406, 255
405, 287
410, 134
407, 232
409, 171
408, 203
408, 204
410, 142
407, 235
403, 363
404, 338
406, 276
405, 310
406, 279
408, 219
407, 252
404, 346
410, 160
405, 316
407, 255
408, 225
410, 164
409, 196
407, 258
404, 352
411, 138
406, 294
410, 171
411, 146
404, 368
410, 183
406, 307
404, 372
408, 249
408, 250
405, 343
407, 282
411, 160
410, 196
405, 353
409, 229
408, 261
406, 325
410, 202
408, 264
409, 235
408, 269
405, 364
408, 272
409, 246
408, 279
409, 250
408, 285
411, 192
410, 228
408, 294
413, 140
406, 357
412, 173
412, 179
406, 366
411, 213
412, 182
413, 154
408, 311
410, 249
409, 282
409, 285
408, 318
409, 288
408, 321
413, 169
409, 294
410, 264
413, 173
414, 144
410, 270
410, 274
414, 150
413, 182
407, 370
413, 188
410, 283
408, 348
409, 318
413, 195
409, 322
411, 261
410, 292
413, 201
415, 139
412, 240
415, 149
411, 277
414, 185
409, 341
412, 249
410, 312
410, 315
413, 224
412, 255
410, 319
413, 227
411, 292
415, 172
413, 235
409, 359
416, 143
412, 267
413, 237
414, 206
416, 145
412, 270
414, 212
409, 367
416, 161
414, 224
416, 165
412, 289
411, 322
416, 172
417, 144
411, 331
415, 209
413, 273
415, 212
411, 338
414, 249
415, 221
411, 346
413, 286
411, 350
417, 167
413, 292
415, 231
416, 200
417, 171
415, 234
416, 205
418, 148
416, 212
412, 336
414, 280
417, 187
415, 249
412, 343
415, 250
413, 313
416, 221
412, 351
415, 258
414, 290
416, 228
417, 200
412, 357
416, 237
414, 300
413, 332
412, 365
415, 273
418, 180
414, 304
416, 246
415, 278
419, 155
417, 217
418, 187
413, 344
419, 159
418, 193
417, 228
415, 290
417, 231
419, 170
415, 296
417, 237
413, 362
419, 176
415, 301
416, 270
415, 304
418, 211
416, 275
416, 278
415, 311
414, 344
420, 162
419, 196
418, 227
415, 321
419, 200
417, 264
416, 301
417, 270
420, 179
419, 211
418, 243
415, 337
415, 341
418, 250
421, 158
419, 220
415, 345
419, 223
418, 255
415, 349
421, 166
416, 321
416, 327
416, 330
421, 178
419, 243
416, 337
417, 308
419, 246
418, 278
421, 186
416, 345
417, 315
418, 287
419, 256
417, 318
416, 353
421, 199
418, 294
417, 325
418, 297
420, 237
421, 210
417, 338
421, 217
418, 312
420, 250
418, 315
422, 192
418, 319
417, 350
419, 288
417, 354
419, 294
418, 326
421, 237
420, 268
423, 178
422, 210
421, 243
421, 250
424, 160
421, 253
420, 285
422, 223
420, 288
418, 350
422, 226
420, 291
418, 355
421, 265
424, 173
420, 297
419, 328
422, 237
419, 335
422, 246
423, 216
422, 250
421, 285
420, 316
425, 163
422, 256
424, 198
425, 167
422, 262
420, 328
421, 298
424, 206
420, 332
423, 240
425, 180
420, 336
422, 274
421, 306
420, 340
424, 219
421, 316
426, 163
423, 256
420, 352
425, 199
421, 324
421, 327
426, 173
426, 176
423, 271
425, 209
422, 303
422, 307
421, 340
426, 187
423, 282
427, 163
423, 289
425, 227
422, 320
424, 259
426, 198
425, 230
424, 262
426, 202
425, 233
422, 329
424, 271
426, 212
422, 341
425, 249
427, 187
422, 345
425, 253
426, 222
423, 317
426, 227
424, 289
426, 230
426, 233
428, 175
427, 209
426, 240
428, 179
427, 212
428, 183
425, 276
428, 186
427, 219
428, 190
427, 222
427, 227
425, 292
428, 199
429, 171
425, 295
424, 328
424, 329
427, 236
426, 268
427, 239
426, 275
424, 338
428, 215
427, 250
428, 219
429, 193
426, 286
427, 259
428, 230
427, 262
426, 296
429, 205
425, 331
425, 335
426, 304
427, 276
428, 246
427, 280
425, 343
429, 222
428, 256
429, 225
427, 289
430, 196
430, 201
428, 265
427, 296
429, 236
428, 269
431, 178
428, 272
429, 249
429, 250
427, 312
427, 315
431, 192
430, 225
427, 319
430, 226
429, 259
431, 205
429, 269
429, 272
430, 242
429, 275
427, 339
432, 185
431, 218
430, 249
428, 315
431, 225
430, 256
432, 197
429, 293
431, 233
430, 269
430, 272
430, 277
429, 309
432, 218
430, 283
433, 197
432, 229
430, 294
429, 327
433, 204
429, 331
432, 239
429, 333
433, 214
434, 184
430, 309
431, 280
432, 253
430, 316
433, 224
434, 195
432, 262
431, 294
432, 266
433, 236
434, 207
430, 333
435, 180
432, 275
433, 249
435, 187
432, 280
431, 320
433, 259
432, 291
432, 294
433, 263
434, 236
431, 332
433, 277
432, 310
435, 217
436, 187
436, 191
434, 253
435, 224
432, 317
434, 256
434, 259
432, 321
435, 236
434, 269
435, 239
435, 242
436, 214
434, 278
435, 249
437, 187
435, 253
433, 317
436, 226
437, 196
434, 291
434, 294
433, 325
435, 266
435, 269
437, 214
437, 224
435, 288
438, 196
434, 321
437, 229
434, 325
438, 206
436, 276
438, 217
439, 194
435, 318
436, 288
438, 229
437, 263
438, 239
438, 242
439, 213
436, 307
437, 276
439, 217
437, 285
436, 318
439, 225
438, 260
439, 235
437, 302
439, 245
437, 311
439, 249
438, 281
439, 250
440, 220
440, 225
439, 256
438, 288
440, 235
441, 206
441, 209
438, 308
441, 216
439, 282
442, 198
439, 292
442, 202
439, 296
440, 266
442, 205
439, 299
442, 213
439, 308
440, 277
440, 278
441, 250
440, 282
442, 223
442, 225
442, 228
443, 205
441, 273
441, 282
441, 286
443, 225
442, 263
443, 232
442, 267
441, 303
444, 212
443, 249
442, 282
444, 225
442, 289
444, 235
445, 231
444, 263
445, 249
446, 231
445, 263
446, 238
445, 274
445, 277
445, 286
446, 256
447, 228
446, 260
446, 263
446, 270
447, 245
447, 264
448, 260
449, 250
