500, 500, 10000, 10000
482, 481
491, 207
495, 84
492, 178
490, 240
490, 242
488, 307
494, 121
483, 463
482, 494
488, 315
484, 440
491, 229
495, 106
492, 204
486, 391
493, 174
491, 237
485, 424
494, 146
492, 210
485, 427
496, 87
498, 26
486, 401
490, 280
492, 219
494, 160
499, 7
498, 38
490, 287
489, 319
484, 476
493, 199
487, 386
498, 49
492, 236
484, 486
496, 114
489, 333
484, 489
488, 366
487, 398
485, 473
485, 475
499, 48
489, 358
485, 485
491, 299
489, 361
489, 369
493, 245
497, 122
497, 124
498, 96
495, 190
490, 357
497, 141
499, 80
492, 304
488, 432
494, 247
488, 433
487, 466
489, 404
495, 222
487, 470
499, 102
492, 323
498, 140
489, 419
491, 359
499, 121
491, 371
493, 310
496, 218
493, 312
496, 221
495, 255
499, 139
495, 264
498, 173
491, 395
490, 426
492, 367
495, 274
494, 307
499, 156
495, 280
488, 497
497, 219
493, 343
499, 160
495, 301
496, 272
491, 430
499, 182
493, 376
490, 471
499, 192
494, 347
499, 195
499, 200
497, 263
498, 232
499, 205
494, 366
491, 460
493, 398
491, 467
498, 251
497, 286
499, 226
492, 444
491, 477
493, 419
493, 429
493, 431
492, 462
496, 338
493, 437
495, 378
497, 316
497, 321
497, 331
498, 307
493, 462
495, 402
492, 498
497, 345
499, 283
496, 384
494, 447
499, 297
498, 330
496, 393
498, 334
494, 458
496, 406
499, 315
498, 348
499, 320
496, 414
494, 484
498, 365
498, 366
497, 401
498, 393
495, 488
498, 396
496, 459
495, 492
496, 463
499, 373
498, 426
496, 488
497, 467
496, 499
498, 438
498, 453
497, 488
498, 457
498, 471
499, 444
499, 460
499, 488
499, 489
1, 1
1, 4
1, 5
1, 33
2, 3
1, 42
1, 43
1, 51
1, 54
1, 59
1, 69
3, 10
2, 50
4, 5
4, 12
1, 113
4, 21
2, 107
1, 139
3, 83
3, 84
2, 118
4, 58
3, 90
3, 109
3, 117
2, 149
2, 150
5, 57
5, 60
4, 93
7, 2
6, 34
6, 39
4, 102
3, 134
4, 104
4, 106
4, 107
4, 116
7, 24
6, 55
6, 60
1, 216
2, 189
1, 224
8, 10
6, 81
4, 144
5, 119
4, 151
7, 59
5, 122
8, 34
2, 220
8, 38
9, 8
8, 39
9, 11
9, 13
4, 169
1, 264
7, 82
3, 210
8, 56
3, 211
6, 121
1, 277
5, 154
8, 61
9, 30
9, 31
8, 66
3, 226
4, 196
9, 41
8, 74
10, 13
8, 76
3, 237
5, 184
9, 61
9, 62
10, 31
2, 279
6, 159
8, 98
3, 253
10, 37
8, 104
1, 322
2, 294
2, 298
2, 300
9, 88
6, 182
2, 307
7, 160
1, 354
3, 292
11, 67
6, 224
2, 348
3, 317
2, 349
12, 40
1, 382
6, 231
10, 110
5, 266
6, 236
1, 391
1, 392
12, 53
4, 301
11, 85
8, 178
6, 241
2, 367
1, 399
12, 61
10, 126
2, 374
10, 129
12, 69
10, 134
2, 382
11, 107
2, 386
9, 171
10, 141
6, 266
14, 21
7, 238
9, 179
14, 26
2, 398
13, 58
4, 338
2, 405
4, 346
1, 439
6, 286
11, 134
9, 197
6, 291
5, 322
8, 239
3, 396
15, 26
15, 28
5, 339
14, 61
15, 30
15, 32
15, 35
16, 5
10, 201
1, 481
13, 110
5, 358
8, 267
10, 205
7, 299
4, 393
13, 117
8, 273
10, 212
6, 336
6, 337
10, 213
16, 29
5, 372
16, 34
8, 283
8, 284
16, 36
7, 316
5, 381
6, 350
3, 443
17, 11
15, 74
12, 168
14, 107
11, 200
14, 108
9, 264
17, 17
13, 142
16, 51
9, 271
11, 211
6, 368
13, 151
17, 31
7, 342
13, 158
18, 9
12, 195
5, 413
10, 258
15, 104
6, 387
13, 171
10, 269
3, 488
18, 27
18, 29
15, 124
17, 63
10, 280
8, 343
10, 281
15, 126
8, 346
5, 440
17, 69
17, 70
7, 381
14, 165
12, 227
19, 12
7, 385
7, 387
6, 418
5, 450
17, 79
16, 112
8, 363
17, 84
5, 457
14, 179
19, 24
18, 57
4, 493
8, 373
14, 187
11, 280
9, 343
18, 65
16, 132
5, 473
17, 102
14, 195
14, 199
18, 76
8, 386
8, 388
16, 140
10, 327
14, 206
7, 423
15, 176
9, 362
8, 393
16, 147
15, 178
20, 24
11, 303
12, 273
13, 246
15, 186
19, 63
13, 250
13, 257
20, 43
7, 446
16, 169
9, 388
9, 392
17, 145
15, 208
9, 395
12, 304
13, 273
16, 184
9, 404
6, 497
21, 34
6, 499
9, 409
10, 380
14, 256
17, 164
11, 356
12, 330
17, 175
14, 269
15, 239
19, 116
13, 302
16, 210
20, 87
12, 338
7, 494
19, 124
7, 498
21, 64
19, 127
22, 34
8, 470
8, 473
13, 321
20, 106
23, 14
11, 386
9, 448
9, 450
16, 233
18, 171
19, 142
17, 204
20, 112
23, 19
19, 143
13, 330
20, 116
11, 398
14, 313
13, 344
24, 3
18, 189
21, 104
19, 168
21, 106
9, 479
10, 449
20, 143
9, 488
22, 86
12, 397
13, 369
22, 92
15, 310
9, 496
12, 404
19, 187
19, 188
20, 157
17, 252
12, 407
21, 129
24, 37
25, 13
24, 47
20, 174
19, 205
14, 361
24, 52
25, 22
12, 425
15, 332
23, 86
22, 118
20, 182
14, 370
15, 339
11, 465
11, 467
26, 2
13, 408
12, 441
13, 411
23, 102
15, 352
16, 321
14, 387
24, 77
20, 202
25, 49
16, 328
16, 330
24, 82
11, 485
19, 239
24, 87
16, 338
20, 214
17, 309
12, 464
25, 62
12, 468
26, 35
22, 160
22, 161
22, 165
15, 385
18, 296
22, 174
19, 268
27, 21
15, 398
22, 183
18, 307
18, 309
21, 217
12, 497
22, 187
27, 33
15, 408
25, 100
17, 350
23, 165
14, 446
28, 20
21, 237
27, 53
25, 117
14, 458
25, 119
28, 29
15, 432
23, 184
20, 277
25, 125
29, 1
23, 192
21, 254
25, 131
26, 100
15, 445
21, 261
26, 106
17, 386
20, 300
18, 366
19, 337
15, 461
27, 90
14, 493
21, 277
23, 216
28, 64
17, 407
15, 469
16, 441
29, 38
18, 381
30, 13
18, 386
29, 45
27, 108
15, 481
21, 299
17, 425
27, 117
19, 366
25, 183
15, 493
20, 342
29, 66
30, 35
30, 36
20, 347
30, 40
24, 233
28, 110
19, 390
30, 50
22, 298
28, 112
21, 331
24, 241
27, 150
25, 214
17, 465
23, 280
21, 342
19, 405
28, 128
25, 221
25, 223
28, 131
17, 473
27, 164
32, 10
30, 72
19, 413
20, 382
24, 260
23, 295
19, 419
31, 49
20, 390
27, 176
32, 22
26, 209
25, 243
30, 90
21, 371
24, 278
25, 248
19, 435
31, 64
27, 188
18, 471
21, 378
18, 472
25, 256
24, 288
29, 134
31, 74
26, 231
18, 480
27, 202
26, 233
25, 266
24, 299
31, 83
27, 210
31, 88
28, 183
33, 29
18, 494
29, 155
28, 187
19, 467
29, 162
20, 442
21, 412
30, 135
26, 266
25, 298
26, 268
22, 393
34, 26
23, 367
32, 92
23, 372
32, 93
32, 95
21, 438
20, 471
31, 131
25, 318
25, 320
35, 15
25, 329
21, 461
32, 121
25, 340
28, 248
35, 36
30, 191
25, 348
21, 472
30, 196
27, 291
34, 74
30, 198
31, 177
22, 456
23, 427
31, 181
36, 26
26, 338
30, 215
34, 92
30, 217
29, 248
25, 374
37, 3
26, 344
36, 35
25, 376
24, 407
33, 128
23, 439
23, 441
37, 9
31, 198
36, 45
29, 266
25, 391
37, 24
37, 26
31, 215
28, 309
22, 495
36, 62
29, 281
33, 158
33, 159
33, 161
29, 291
38, 16
38, 17
37, 48
28, 331
30, 271
26, 396
29, 304
27, 368
24, 464
23, 496
30, 282
36, 98
27, 377
24, 471
25, 442
26, 411
39, 8
38, 39
25, 443
39, 10
29, 325
26, 418
26, 421
24, 485
30, 300
24, 487
30, 301
39, 24
24, 490
37, 91
25, 463
32, 249
31, 282
36, 127
38, 65
39, 35
30, 316
37, 100
39, 38
29, 350
33, 227
38, 77
38, 78
33, 234
26, 453
32, 269
27, 425
40, 22
29, 363
40, 23
38, 86
28, 397
30, 337
28, 400
35, 185
38, 93
36, 155
30, 341
27, 437
28, 407
40, 37
40, 38
29, 380
37, 133
39, 71
27, 444
30, 351
31, 321
28, 414
36, 170
41, 15
37, 141
30, 361
28, 424
37, 147
37, 148
28, 428
30, 369
37, 152
41, 28
31, 338
37, 153
33, 281
34, 252
31, 352
41, 42
31, 354
40, 76
36, 202
27, 482
33, 299
31, 361
28, 454
29, 424
40, 85
41, 58
32, 342
29, 435
31, 378
37, 193
40, 100
42, 38
37, 195
38, 165
43, 10
30, 414
28, 477
33, 323
37, 200
35, 262
39, 144
38, 175
36, 241
39, 148
43, 25
39, 149
32, 367
41, 88
42, 61
36, 248
38, 188
37, 220
40, 130
38, 195
36, 258
39, 166
30, 445
40, 135
40, 137
43, 45
38, 206
33, 362
33, 363
43, 53
35, 303
32, 397
41, 120
34, 339
44, 29
33, 371
37, 248
31, 436
42, 95
44, 35
34, 346
40, 163
37, 261
43, 75
32, 417
42, 107
35, 327
40, 175
37, 270
33, 394
31, 457
39, 209
30, 489
44, 60
43, 91
37, 281
42, 127
41, 159
37, 283
46, 7
42, 133
33, 413
40, 199
33, 422
37, 299
42, 145
33, 425
45, 54
39, 240
41, 180
45, 61
34, 405
32, 467
36, 344
43, 132
36, 351
34, 414
33, 446
43, 136
37, 323
34, 419
42, 171
33, 450
42, 173
40, 236
41, 206
32, 485
47, 21
40, 239
40, 240
47, 26
36, 367
35, 401
37, 340
46, 61
42, 187
35, 404
41, 219
34, 444
33, 476
44, 136
47, 43
47, 44
36, 385
35, 416
33, 481
48, 16
41, 234
36, 389
41, 238
40, 270
46, 84
42, 211
45, 121
36, 405
44, 158
48, 35
42, 222
35, 440
46, 100
43, 195
39, 321
38, 352
39, 324
36, 417
40, 295
49, 16
34, 481
38, 358
46, 110
37, 393
49, 21
44, 177
42, 239
43, 208
47, 85
45, 148
45, 150
39, 340
43, 217
47, 96
42, 253
44, 193
47, 100
35, 474
38, 382
35, 475
36, 450
42, 266
46, 144
36, 454
37, 424
43, 239
44, 211
35, 495
45, 187
45, 188
48, 100
50, 39
47, 132
36, 474
37, 444
36, 478
48, 107
41, 324
49, 77
46, 170
45, 202
43, 268
49, 89
39, 399
45, 215
41, 343
50, 72
44, 262
52, 15
43, 297
44, 267
52, 19
49, 118
50, 91
53, 9
44, 288
40, 415
52, 44
51, 77
53, 15
51, 79
48, 173
51, 80
45, 267
46, 236
43, 330
39, 455
42, 362
49, 147
49, 149
47, 213
49, 151
38, 493
53, 35
50, 131
53, 39
39, 473
42, 382
53, 41
44, 323
51, 107
48, 201
42, 390
40, 452
42, 391
54, 23
49, 178
44, 333
46, 272
39, 489
53, 56
49, 180
44, 336
54, 32
46, 282
44, 348
54, 42
53, 73
49, 197
50, 168
51, 140
52, 110
50, 173
42, 422
53, 82
55, 20
53, 85
50, 180
40, 492
54, 59
46, 307
53, 91
55, 30
47, 279
48, 248
51, 157
52, 128
51, 159
56, 5
53, 99
55, 37
41, 472
43, 413
48, 258
51, 166
51, 167
43, 416
46, 324
49, 234
55, 50
46, 330
44, 393
44, 395
47, 303
51, 181
46, 341
54, 95
53, 129
46, 347
55, 69
45, 381
42, 478
53, 137
52, 174
46, 367
52, 184
52, 186
50, 249
53, 156
48, 314
52, 192
49, 287
43, 474
51, 227
57, 42
46, 383
51, 229
51, 238
44, 456
47, 366
45, 431
50, 276
56, 90
46, 403
59, 1
44, 468
47, 377
46, 408
49, 317
58, 39
46, 411
56, 102
44, 475
50, 289
52, 227
58, 42
44, 477
45, 448
57, 76
58, 48
59, 17
55, 142
44, 484
49, 329
53, 207
55, 145
47, 395
47, 396
50, 307
44, 493
51, 276
47, 404
51, 281
46, 438
57, 99
49, 348
45, 475
59, 42
56, 137
59, 46
58, 79
51, 297
45, 485
50, 330
56, 146
45, 491
47, 431
49, 370
50, 339
53, 247
56, 157
57, 128
49, 377
48, 409
57, 135
55, 197
46, 479
57, 139
53, 263
53, 264
58, 109
54, 233
60, 48
58, 111
59, 82
60, 58
54, 244
51, 338
47, 462
46, 497
60, 65
59, 102
61, 46
51, 359
54, 270
50, 394
54, 274
60, 89
49, 433
58, 159
62, 35
50, 408
60, 99
54, 285
53, 317
62, 38
62, 40
62, 41
52, 356
51, 388
60, 112
63, 19
49, 455
49, 456
51, 399
56, 246
62, 63
54, 312
55, 282
50, 438
56, 252
54, 317
58, 193
51, 413
63, 42
63, 43
58, 199
51, 417
52, 389
61, 111
59, 184
50, 464
59, 185
61, 126
65, 2
52, 406
56, 288
52, 412
63, 71
59, 196
55, 324
55, 328
60, 173
54, 362
60, 178
56, 303
61, 149
51, 460
56, 307
63, 91
58, 251
62, 128
61, 164
63, 104
52, 447
59, 230
60, 200
51, 479
55, 357
53, 421
64, 81
65, 51
62, 145
62, 150
53, 432
65, 61
53, 433
63, 126
51, 499
60, 222
59, 255
58, 288
57, 319
57, 320
63, 135
62, 166
54, 415
66, 44
59, 262
62, 169
56, 356
53, 451
66, 51
62, 180
66, 57
58, 306
65, 91
62, 184
55, 404
60, 249
57, 344
63, 160
54, 440
66, 68
57, 350
67, 40
66, 73
62, 201
67, 46
64, 140
62, 204
62, 205
58, 329
63, 176
67, 53
61, 240
58, 335
65, 120
68, 30
55, 435
55, 436
66, 97
54, 473
67, 72
57, 382
67, 73
56, 415
64, 171
66, 110
62, 234
55, 454
56, 425
67, 85
55, 460
59, 336
63, 213
67, 92
54, 495
61, 282
60, 316
66, 131
64, 194
67, 102
64, 195
70, 10
68, 72
60, 325
60, 328
69, 49
70, 28
59, 372
55, 496
55, 497
56, 466
56, 467
67, 127
71, 4
56, 469
69, 66
57, 440
66, 162
62, 290
65, 197
68, 105
70, 43
71, 13
71, 14
56, 481
57, 450
71, 17
63, 266
71, 19
62, 298
67, 144
65, 207
67, 148
65, 211
62, 304
57, 459
64, 243
68, 121
56, 497
70, 63
69, 94
56, 498
64, 251
59, 408
61, 351
68, 135
64, 260
63, 293
60, 388
69, 113
60, 393
69, 114
59, 427
68, 149
70, 88
70, 91
69, 122
64, 278
70, 92
71, 63
63, 311
68, 157
58, 467
61, 376
58, 470
60, 409
58, 472
61, 379
65, 257
61, 384
66, 229
68, 169
66, 233
62, 358
63, 328
65, 267
71, 82
70, 114
63, 332
72, 53
66, 240
62, 365
59, 459
62, 368
63, 337
72, 60
60, 432
71, 92
66, 248
72, 64
61, 406
63, 347
69, 162
61, 410
60, 443
67, 227
65, 291
65, 293
65, 296
72, 80
73, 52
72, 85
66, 272
73, 55
62, 398
72, 88
70, 151
63, 369
73, 59
69, 184
71, 122
62, 402
74, 31
71, 127
67, 252
74, 36
71, 129
62, 409
61, 443
70, 164
71, 133
61, 444
65, 322
74, 45
63, 387
73, 78
64, 359
60, 488
72, 117
61, 460
61, 461
69, 213
66, 307
73, 92
60, 495
70, 186
73, 94
72, 126
76, 2
75, 36
66, 317
72, 131
70, 195
67, 289
63, 414
72, 135
65, 355
68, 262
64, 386
62, 449
64, 387
71, 171
71, 176
66, 333
68, 273
73, 119
65, 367
72, 152
70, 215
74, 92
68, 281
76, 34
69, 251
75, 66
70, 225
74, 102
76, 40
63, 444
72, 166
75, 74
76, 44
76, 45
74, 107
73, 142
62, 484
66, 361
62, 485
68, 301
63, 458
66, 365
67, 335
70, 243
73, 150
68, 306
71, 214
66, 369
77, 29
63, 464
73, 154
71, 217
75, 94
63, 467
77, 33
64, 436
72, 191
77, 40
72, 198
77, 43
75, 107
65, 419
66, 389
66, 390
75, 114
75, 118
74, 151
68, 337
76, 90
77, 60
77, 63
70, 280
68, 344
75, 134
77, 74
66, 416
74, 168
64, 479
68, 356
68, 357
78, 48
68, 358
73, 204
70, 298
66, 425
77, 86
75, 152
67, 401
73, 216
66, 434
72, 248
71, 280
75, 158
72, 252
69, 346
67, 411
70, 319
74, 196
79, 42
72, 259
70, 322
65, 482
75, 175
75, 176
73, 240
70, 335
80, 27
74, 213
66, 461
67, 437
73, 253
81, 7
80, 40
67, 447
70, 357
74, 234
74, 238
73, 269
81, 22
80, 54
67, 458
68, 428
75, 214
68, 432
69, 402
75, 217
80, 68
70, 379
67, 474
80, 71
77, 167
73, 292
82, 14
72, 326
78, 141
79, 113
76, 209
69, 428
72, 336
80, 89
69, 431
74, 277
75, 250
69, 436
72, 345
70, 407
77, 191
76, 224
81, 69
82, 42
72, 352
73, 321
72, 360
70, 424
81, 84
70, 427
79, 154
74, 310
77, 218
76, 249
79, 157
71, 408
76, 256
83, 41
69, 475
82, 75
78, 199
70, 450
75, 296
80, 143
80, 144
72, 395
81, 118
83, 63
82, 97
81, 128
72, 408
82, 99
73, 380
84, 41
85, 10
82, 105
83, 74
76, 292
78, 231
73, 388
74, 357
82, 110
71, 454
71, 455
83, 84
74, 363
84, 54
76, 305
73, 398
73, 399
71, 462
75, 339
72, 433
79, 217
78, 249
86, 5
85, 37
78, 258
72, 445
83, 108
75, 359
82, 143
86, 22
72, 457
81, 179
83, 117
80, 210
79, 241
82, 150
76, 336
74, 399
80, 216
75, 372
71, 497
73, 438
83, 129
81, 195
83, 133
81, 196
75, 382
81, 198
78, 293
72, 479
79, 265
77, 329
73, 454
72, 485
79, 269
82, 177
86, 53
75, 395
79, 273
85, 91
82, 185
80, 247
83, 154
84, 125
87, 35
84, 131
79, 290
80, 260
80, 262
87, 45
78, 325
77, 356
75, 419
88, 17
78, 328
88, 19
76, 393
77, 362
79, 301
77, 365
88, 25
84, 155
89, 4
79, 320
85, 140
81, 264
78, 358
83, 204
87, 83
82, 238
82, 240
84, 180
86, 118
79, 336
84, 184
88, 63
84, 187
88, 65
90, 5
85, 160
86, 129
80, 318
83, 227
82, 259
76, 446
82, 263
78, 389
90, 18
85, 174
85, 175
78, 393
86, 145
90, 21
81, 303
79, 366
86, 149
87, 119
84, 217
86, 156
76, 466
91, 2
79, 375
84, 220
77, 438
90, 36
87, 132
84, 227
86, 166
83, 261
82, 293
76, 479
85, 203
88, 111
91, 19
82, 300
91, 23
84, 250
83, 283
88, 130
79, 409
86, 193
90, 69
89, 103
92, 11
81, 353
88, 138
92, 17
92, 18
88, 143
87, 175
91, 53
78, 460
91, 58
82, 338
82, 341
80, 404
93, 1
89, 126
91, 65
85, 255
84, 287
85, 257
80, 412
92, 42
93, 12
90, 106
88, 171
80, 421
79, 453
92, 52
82, 363
83, 332
91, 85
86, 241
83, 338
92, 60
81, 402
79, 464
92, 62
82, 372
83, 343
88, 190
82, 377
81, 410
93, 42
90, 136
94, 13
90, 138
85, 294
85, 296
85, 297
81, 424
94, 22
87, 240
86, 272
92, 87
83, 368
94, 27
83, 370
82, 401
92, 92
83, 373
94, 32
95, 2
80, 468
94, 36
89, 193
89, 198
84, 356
85, 325
92, 108
91, 139
90, 171
84, 358
81, 452
83, 392
80, 488
84, 364
95, 24
83, 397
87, 274
88, 244
90, 184
94, 61
96, 11
96, 12
88, 264
92, 141
81, 483
87, 302
85, 365
96, 25
81, 491
82, 463
90, 215
87, 311
81, 497
85, 375
83, 438
94, 99
97, 6
82, 474
92, 164
82, 475
84, 415
88, 293
84, 418
96, 47
93, 140
90, 236
84, 424
94, 115
86, 366
89, 273
97, 28
89, 278
88, 310
90, 249
97, 32
95, 97
84, 441
98, 7
94, 131
90, 256
94, 132
86, 381
93, 167
91, 229
95, 106
83, 480
91, 234
86, 390
95, 113
98, 20
97, 52
85, 425
97, 53
91, 240
88, 335
92, 212
85, 435
90, 282
98, 34
99, 4
99, 6
86, 409
92, 224
88, 351
90, 290
96, 105
90, 292
89, 324
98, 45
91, 264
94, 174
92, 239
97, 84
91, 271
85, 461
88, 375
85, 468
85, 470
95, 160
96, 131
95, 162
88, 382
92, 258
86, 445
96, 135
100, 12
86, 448
87, 417
85, 480
100, 20
89, 365
91, 306
94, 214
95, 185
97, 126
99, 65
93, 252
98, 97
96, 160
99, 68
88, 410
88, 411
88, 412
101, 17
97, 142
86, 484
96, 176
86, 487
86, 488
100, 55
87, 458
94, 245
98, 125
87, 467
95, 224
88, 442
95, 226
90, 383
102, 11
88, 447
97, 169
97, 172
98, 142
88, 452
102, 19
102, 20
94, 269
87, 487
100, 85
92, 334
99, 118
94, 273
102, 33
103, 5
103, 6
99, 134
89, 449
92, 360
94, 300
95, 271
98, 178
98, 179
91, 397
98, 181
99, 154
89, 467
99, 158
93, 346
104, 6
103, 39
90, 444
93, 351
98, 198
94, 323
92, 387
95, 294
92, 388
93, 362
93, 363
95, 303
90, 463
98, 216
103, 63
94, 345
97, 253
91, 443
99, 195
101, 135
103, 73
94, 355
97, 263
99, 201
103, 82
93, 398
95, 336
93, 399
98, 245
92, 433
100, 186
105, 34
98, 253
106, 7
94, 380
98, 258
92, 444
93, 414
106, 16
95, 359
96, 330
98, 269
99, 242
93, 428
103, 125
99, 251
102, 162
94, 412
96, 351
93, 444
104, 105
105, 74
93, 448
94, 419
96, 359
95, 391
100, 237
99, 273
92, 491
100, 244
103, 152
107, 34
93, 469
95, 408
108, 6
102, 192
94, 441
94, 444
93, 479
101, 233
97, 359
101, 235
93, 484
107, 53
101, 240
93, 490
99, 305
102, 212
97, 373
101, 250
106, 96
105, 129
100, 286
96, 411
98, 353
96, 416
101, 262
94, 489
108, 56
94, 491
101, 276
94, 493
103, 214
94, 496
106, 126
103, 220
99, 347
95, 471
95, 472
103, 227
105, 168
98, 385
96, 449
101, 294
97, 420
110, 18
99, 360
97, 422
101, 299
102, 269
107, 114
99, 362
95, 486
103, 239
107, 117
96, 461
99, 371
98, 405
110, 38
101, 317
110, 40
107, 134
101, 321
108, 105
103, 262
106, 170
98, 421
98, 422
100, 361
108, 118
109, 89
99, 399
100, 369
98, 437
106, 189
103, 288
104, 259
110, 73
100, 385
99, 416
110, 75
112, 14
111, 46
112, 17
103, 297
104, 266
98, 453
108, 146
110, 89
107, 185
108, 155
106, 217
104, 282
104, 283
108, 159
102, 348
101, 379
113, 8
106, 225
112, 40
103, 322
105, 261
112, 45
106, 232
105, 264
106, 235
113, 18
111, 80
108, 177
99, 456
103, 337
102, 368
113, 29
107, 218
104, 314
106, 256
104, 319
101, 412
109, 167
104, 322
110, 136
101, 416
110, 138
107, 232
113, 46
114, 15
114, 17
104, 331
113, 52
104, 332
102, 394
103, 365
110, 149
99, 490
105, 305
102, 398
111, 119
106, 275
108, 213
102, 400
100, 463
103, 374
107, 250
104, 345
113, 67
100, 473
104, 351
115, 10
112, 104
103, 383
102, 414
108, 229
114, 43
112, 106
102, 419
111, 144
105, 331
112, 115
115, 22
114, 53
111, 147
110, 183
104, 371
112, 123
105, 342
114, 63
112, 126
111, 158
108, 252
114, 67
115, 39
110, 195
116, 9
101, 474
110, 197
102, 446
108, 261
104, 391
108, 268
114, 85
105, 367
101, 491
107, 307
112, 152
115, 59
107, 308
102, 464
107, 310
102, 468
108, 283
110, 221
107, 314
115, 66
108, 284
110, 223
110, 224
109, 256
104, 413
103, 447
110, 230
108, 297
117, 18
113, 142
104, 426
102, 488
115, 86
105, 398
116, 63
103, 468
110, 251
117, 36
108, 317
107, 349
113, 163
104, 444
114, 134
104, 445
112, 201
114, 140
110, 264
105, 420
113, 172
108, 328
106, 390
114, 144
105, 424
117, 52
107, 364
116, 85
114, 150
108, 337
116, 91
103, 495
115, 126
117, 65
115, 127
114, 159
107, 376
110, 283
105, 438
112, 227
112, 230
118, 44
111, 262
111, 263
118, 46
105, 451
110, 297
117, 82
106, 423
117, 83
109, 332
117, 85
116, 117
108, 366
108, 370
104, 495
116, 125
111, 280
115, 156
104, 497
112, 250
118, 64
109, 344
120, 4
117, 97
108, 381
117, 103
111, 290
120, 14
111, 295
111, 296
105, 483
112, 267
110, 329
115, 183
106, 462
108, 401
117, 123
112, 280
105, 498
109, 375
114, 222
117, 129
120, 38
106, 473
117, 135
116, 167
115, 202
121, 18
111, 328
107, 453
113, 267
112, 299
111, 331
116, 176
117, 146
110, 364
114, 240
112, 302
108, 428
119, 88
106, 494
109, 402
115, 216
120, 61
107, 465
112, 315
122, 5
115, 223
121, 40
115, 228
114, 261
109, 416
115, 232
117, 170
118, 140
114, 265
108, 452
114, 269
110, 394
107, 490
119, 123
109, 434
117, 186
108, 466
122, 33
115, 251
111, 376
117, 190
114, 285
111, 379
109, 441
120, 102
114, 289
116, 228
112, 359
119, 144
110, 423
109, 455
116, 240
123, 25
113, 336
109, 461
117, 213
123, 29
118, 184
114, 311
113, 343
115, 283
119, 163
123, 39
111, 412
109, 479
117, 234
109, 484
118, 205
123, 51
116, 272
119, 181
116, 278
120, 154
123, 65
113, 377
122, 99
123, 72
112, 414
114, 353
113, 387
110, 482
121, 142
118, 238
116, 300
113, 393
121, 145
113, 394
111, 456
114, 364
123, 87
125, 25
125, 27
120, 184
125, 35
113, 411
121, 170
119, 237
118, 269
114, 393
124, 87
123, 119
111, 494
126, 31
118, 280
116, 343
115, 374
121, 190
119, 254
112, 472
115, 380
125, 71
125, 77
126, 46
127, 17
113, 455
113, 457
119, 271
116, 365
118, 304
122, 181
125, 89
121, 213
115, 400
115, 401
119, 277
116, 370
119, 279
120, 249
126, 64
121, 220
115, 407
127, 41
119, 291
126, 75
121, 230
115, 418
124, 143
127, 50
114, 453
115, 425
123, 180
122, 211
128, 25
125, 119
121, 246
117, 370
124, 155
116, 404
116, 408
116, 412
123, 196
128, 41
125, 137
117, 387
120, 294
120, 297
126, 111
122, 236
121, 269
125, 150
129, 30
115, 465
130, 1
124, 187
120, 312
117, 406
130, 5
116, 441
121, 286
119, 352
129, 43
129, 45
121, 294
126, 140
119, 359
130, 19
128, 83
118, 395
120, 333
122, 272
126, 150
120, 337
126, 156
127, 129
123, 253
127, 133
129, 73
129, 77
125, 201
117, 449
122, 299
116, 486
127, 148
129, 87
120, 366
130, 57
120, 368
128, 121
130, 61
130, 62
121, 341
125, 219
130, 65
119, 406
121, 347
120, 383
121, 356
128, 140
120, 388
117, 486
127, 180
117, 490
126, 212
129, 121
122, 339
132, 34
130, 97
123, 314
124, 283
131, 67
128, 161
123, 317
126, 226
128, 167
125, 264
130, 109
123, 328
131, 82
120, 431
124, 307
120, 432
121, 401
134, 1
120, 446
134, 12
124, 324
126, 263
132, 81
126, 268
130, 146
132, 89
119, 492
130, 152
126, 276
119, 496
126, 281
124, 349
123, 380
130, 165
130, 166
135, 11
120, 476
128, 229
129, 200
135, 15
128, 235
127, 269
135, 22
122, 425
134, 54
123, 398
126, 307
131, 155
132, 125
134, 63
123, 404
133, 95
128, 252
127, 283
132, 129
128, 254
126, 316
134, 68
133, 101
130, 196
128, 260
134, 75
135, 44
123, 418
127, 295
136, 16
129, 233
125, 360
134, 81
121, 486
125, 362
123, 426
133, 116
130, 212
128, 274
125, 367
133, 120
127, 307
136, 30
122, 464
129, 249
137, 7
133, 131
124, 413
122, 486
137, 23
131, 210
123, 459
123, 462
136, 59
122, 495
125, 403
131, 222
137, 36
124, 440
129, 285
125, 411
127, 349
127, 351
123, 476
136, 80
128, 329
124, 453
124, 458
129, 303
125, 429
128, 340
132, 216
136, 93
134, 155
128, 343
136, 95
125, 439
126, 411
135, 132
131, 256
133, 195
130, 288
136, 107
133, 201
137, 78
137, 80
136, 114
130, 301
137, 84
132, 239
125, 457
136, 116
127, 396
136, 118
130, 304
135, 150
130, 305
129, 336
139, 28
133, 214
125, 466
139, 33
130, 313
133, 222
140, 6
131, 288
135, 164
133, 228
136, 135
128, 384
136, 137
133, 231
136, 138
134, 200
134, 202
127, 423
137, 114
132, 270
138, 87
127, 428
126, 460
125, 492
131, 310
140, 32
137, 125
128, 405
140, 38
129, 383
133, 260
137, 136
127, 449
126, 481
135, 203
132, 298
141, 23
138, 119
141, 30
137, 154
140, 62
140, 63
138, 129
136, 193
140, 70
136, 196
127, 475
132, 322
139, 105
141, 44
131, 354
137, 170
134, 263
133, 302
129, 427
135, 242
140, 87
130, 399
130, 400
142, 29
142, 33
130, 406
133, 313
139, 128
131, 376
139, 131
128, 474
137, 195
132, 353
134, 291
139, 137
143, 14
143, 16
130, 422
136, 236
134, 301
142, 53
141, 86
134, 303
142, 60
137, 216
136, 247
130, 434
139, 156
131, 404
129, 467
143, 34
131, 406
130, 438
132, 376
132, 378
139, 161
142, 73
140, 135
143, 43
134, 322
133, 358
136, 266
136, 267
140, 152
138, 217
136, 279
136, 280
139, 187
137, 249
130, 467
135, 312
145, 3
132, 408
141, 132
137, 267
131, 453
139, 207
130, 490
142, 123
139, 217
140, 189
137, 284
135, 347
135, 348
141, 163
139, 226
144, 73
139, 230
139, 232
135, 356
134, 389
143, 112
134, 392
144, 82
146, 21
146, 22
134, 396
141, 181
136, 337
136, 338
131, 494
137, 309
133, 433
137, 311
147, 2
141, 190
136, 345
144, 98
132, 470
133, 443
135, 381
147, 10
143, 138
142, 172
140, 234
145, 79
135, 390
147, 18
139, 266
132, 485
132, 486
144, 114
142, 178
145, 88
146, 63
142, 188
135, 415
142, 199
147, 45
139, 295
144, 140
136, 389
134, 453
144, 147
144, 152
134, 463
139, 310
143, 186
139, 312
145, 128
140, 284
148, 38
141, 255
145, 134
134, 476
148, 43
147, 84
145, 147
142, 242
143, 211
143, 213
139, 339
145, 154
149, 31
140, 311
134, 499
149, 34
148, 70
147, 104
144, 199
146, 138
139, 356
150, 17
142, 266
147, 112
135, 484
140, 330
147, 117
138, 396
148, 87
149, 57
146, 151
135, 493
146, 154
139, 372
146, 156
145, 189
146, 160
139, 377
150, 39
142, 291
145, 200
146, 169
146, 170
150, 46
144, 234
140, 359
142, 301
148, 116
139, 396
142, 304
144, 244
148, 124
143, 282
151, 34
146, 191
137, 472
143, 287
148, 135
137, 478
149, 106
152, 14
146, 201
141, 356
146, 202
150, 78
152, 26
152, 27
143, 310
138, 466
144, 284
138, 472
138, 477
140, 416
143, 325
146, 232
149, 142
145, 269
141, 394
145, 274
145, 279
154, 2
139, 467
151, 96
141, 408
152, 68
154, 9
142, 383
153, 43
145, 291
140, 447
148, 202
154, 16
151, 111
153, 50
139, 485
154, 23
154, 24
150, 149
145, 305
149, 182
154, 29
148, 217
150, 159
153, 66
149, 190
140, 471
147, 258
146, 292
143, 388
148, 234
153, 79
146, 297
143, 392
154, 51
140, 486
155, 21
141, 455
143, 395
150, 178
149, 214
141, 464
153, 93
145, 342
142, 435
149, 218
143, 406
153, 96
145, 345
156, 4
154, 66
148, 254
149, 224
147, 287
146, 318
149, 226
144, 384
154, 74
145, 355
151, 170
151, 173
156, 20
148, 268
149, 237
144, 396
144, 398
155, 59
147, 307
152, 157
143, 437
156, 36
151, 192
157, 7
153, 136
144, 417
156, 49
155, 83
156, 53
157, 22
157, 27
145, 399
147, 337
149, 277
153, 154
150, 248
150, 249
144, 439
143, 470
149, 285
158, 7
149, 289
157, 41
147, 352
146, 384
152, 199
151, 232
148, 326
147, 359
156, 82
158, 22
155, 116
152, 210
146, 396
153, 183
156, 96
144, 469
148, 347
144, 474
155, 134
148, 352
155, 135
155, 145
152, 239
154, 178
158, 55
144, 491
148, 368
157, 90
151, 278
152, 249
160, 5
153, 222
150, 319
158, 73
153, 229
153, 232
156, 145
149, 362
152, 270
150, 332
147, 426
157, 117
154, 210
152, 275
147, 430
155, 183
156, 153
145, 494
151, 309
155, 187
155, 189
151, 313
160, 36
149, 377
158, 99
149, 381
158, 102
147, 443
152, 291
154, 231
152, 293
147, 450
156, 178
155, 210
156, 181
157, 150
153, 274
150, 368
148, 431
147, 462
151, 338
158, 121
160, 60
146, 495
159, 92
159, 93
151, 341
148, 436
154, 251
158, 129
160, 69
162, 8
160, 71
153, 289
161, 41
154, 258
152, 321
157, 166
160, 76
158, 139
147, 481
156, 203
155, 234
162, 19
156, 208
152, 336
149, 432
148, 463
154, 278
147, 497
149, 436
147, 499
150, 409
148, 474
156, 227
163, 17
159, 142
156, 235
152, 365
162, 57
162, 58
155, 276
150, 431
156, 249
153, 344
152, 376
158, 190
153, 347
151, 409
161, 100
164, 10
161, 104
156, 259
164, 11
162, 78
157, 234
149, 484
164, 20
160, 144
156, 272
163, 56
158, 212
153, 367
164, 27
164, 30
160, 155
161, 124
153, 374
157, 251
163, 65
165, 4
158, 225
155, 318
155, 319
155, 320
160, 166
152, 417
165, 18
164, 53
152, 431
160, 183
157, 277
161, 154
156, 309
160, 187
164, 64
166, 2
163, 95
157, 285
165, 39
161, 164
165, 41
160, 196
158, 258
163, 104
156, 324
156, 325
162, 142
155, 361
160, 208
151, 487
162, 147
158, 277
159, 246
166, 29
160, 216
157, 309
165, 61
157, 314
159, 255
160, 226
154, 415
167, 14
161, 209
163, 147
154, 426
154, 434
160, 248
161, 217
161, 218
156, 376
163, 160
165, 98
160, 254
165, 100
157, 349
156, 381
163, 166
154, 445
167, 44
159, 294
156, 387
153, 485
162, 207
160, 270
156, 399
165, 123
158, 345
165, 129
164, 162
165, 132
155, 442
154, 479
156, 417
164, 169
167, 76
167, 77
168, 47
159, 327
162, 236
158, 360
158, 361
169, 20
158, 364
167, 87
159, 335
157, 397
154, 491
169, 29
158, 373
166, 125
155, 468
169, 35
166, 130
162, 254
160, 318
167, 102
164, 195
161, 290
159, 353
163, 230
156, 447
170, 13
168, 75
170, 16
164, 202
159, 360
163, 236
159, 361
164, 211
156, 462
163, 245
160, 340
165, 187
165, 188
160, 343
162, 284
170, 39
169, 71
163, 260
170, 45
169, 76
163, 262
171, 15
158, 421
156, 484
160, 360
156, 486
157, 457
170, 54
168, 116
156, 489
167, 148
157, 459
167, 149
167, 151
162, 309
167, 154
162, 311
170, 65
165, 223
159, 414
160, 387
164, 264
167, 172
164, 266
157, 484
168, 144
163, 300
165, 239
167, 178
157, 491
162, 336
164, 276
165, 247
167, 185
159, 435
171, 63
163, 312
165, 251
173, 4
158, 472
162, 349
161, 381
166, 228
158, 480
158, 484
163, 330
168, 176
170, 114
159, 456
164, 302
160, 426
160, 428
164, 304
170, 122
162, 371
173, 33
162, 376
174, 4
163, 345
160, 439
168, 193
169, 162
166, 256
171, 101
170, 132
165, 288
162, 384
166, 261
160, 448
172, 77
169, 170
159, 482
160, 451
169, 173
167, 239
169, 178
162, 395
170, 147
172, 86
163, 366
162, 398
160, 460
165, 306
172, 94
163, 375
166, 288
173, 71
164, 351
168, 229
169, 199
169, 208
164, 364
160, 489
173, 88
173, 89
169, 214
167, 276
175, 28
163, 401
174, 60
167, 277
172, 123
166, 309
174, 61
171, 157
161, 467
163, 407
166, 315
168, 256
175, 40
166, 323
166, 324
161, 482
170, 205
168, 271
163, 427
171, 179
174, 88
168, 274
165, 369
175, 59
161, 494
162, 465
168, 279
165, 374
162, 470
172, 161
162, 473
176, 40
175, 75
165, 385
166, 354
169, 263
172, 171
162, 482
168, 296
171, 204
172, 174
170, 239
173, 147
168, 303
165, 397
164, 430
174, 121
175, 91
173, 154
176, 63
167, 343
174, 127
171, 221
176, 67
172, 191
163, 474
170, 258
167, 352
168, 323
173, 170
177, 46
178, 16
175, 109
171, 235
166, 391
172, 207
175, 115
164, 460
171, 243
165, 430
166, 399
167, 369
163, 495
164, 466
171, 249
170, 281
164, 468
172, 223
173, 193
165, 442
168, 349
179, 12
175, 137
167, 385
165, 448
178, 46
170, 294
178, 49
168, 359
178, 50
172, 238
179, 24
178, 56
165, 459
170, 304
179, 27
168, 368
167, 399
167, 400
173, 215
170, 308
168, 371
166, 434
168, 374
179, 33
175, 158
175, 159
166, 439
166, 440
172, 255
166, 442
179, 40
178, 72
170, 325
165, 480
166, 451
177, 112
175, 175
165, 486
168, 394
176, 147
168, 395
176, 148
166, 460
166, 467
175, 188
176, 158
180, 36
174, 223
181, 8
177, 132
170, 350
171, 320
169, 384
173, 261
173, 263
174, 233
179, 79
171, 328
175, 205
172, 300
173, 272
171, 334
169, 397
172, 307
177, 153
167, 463
177, 154
170, 374
167, 469
175, 223
180, 70
179, 103
180, 73
179, 104
181, 44
175, 234
170, 390
168, 452
170, 391
171, 360
168, 457
173, 304
171, 368
177, 183
182, 30
178, 155
180, 97
175, 253
178, 160
182, 37
180, 99
177, 194
180, 102
183, 10
172, 354
169, 447
176, 231
171, 386
180, 107
171, 391
174, 302
182, 55
176, 241
183, 30
174, 311
170, 437
176, 253
172, 377
179, 161
172, 380
180, 133
173, 352
178, 197
177, 229
170, 448
179, 174
169, 484
180, 143
178, 205
179, 175
183, 52
174, 336
173, 369
179, 186
183, 63
170, 468
177, 252
185, 4
173, 377
178, 225
171, 446
175, 322
170, 479
179, 203
171, 454
181, 144
185, 22
178, 239
172, 426
173, 395
171, 458
174, 365
173, 396
177, 274
185, 26
178, 245
170, 494
178, 253
181, 162
180, 196
183, 104
184, 76
176, 324
181, 169
177, 293
175, 359
177, 297
171, 488
180, 210
186, 24
181, 179
177, 305
176, 343
182, 157
175, 376
176, 347
173, 441
174, 412
187, 10
185, 73
173, 449
183, 141
186, 54
180, 243
177, 341
185, 95
173, 467
173, 469
175, 408
184, 130
178, 316
174, 440
182, 192
178, 317
178, 318
183, 166
181, 229
175, 417
181, 231
184, 140
186, 78
183, 173
186, 85
182, 212
184, 150
186, 89
173, 493
178, 338
178, 341
180, 281
173, 499
177, 376
189, 6
175, 442
186, 101
187, 72
177, 382
178, 352
188, 44
189, 13
189, 16
184, 172
184, 175
182, 238
177, 398
188, 58
175, 462
175, 463
187, 92
190, 1
174, 498
185, 157
175, 471
183, 224
181, 288
190, 10
177, 416
182, 263
190, 16
179, 358
189, 49
184, 204
188, 86
177, 427
179, 368
180, 338
176, 466
191, 5
184, 223
188, 101
179, 385
180, 355
191, 14
177, 454
191, 25
183, 275
177, 461
184, 244
176, 493
185, 215
184, 248
185, 217
182, 311
189, 95
183, 282
182, 313
190, 67
178, 441
185, 226
190, 72
191, 43
186, 200
182, 325
191, 49
186, 205
185, 236
185, 237
184, 268
186, 207
177, 487
191, 57
177, 492
183, 306
188, 152
180, 401
189, 122
190, 96
179, 437
182, 345
179, 439
185, 259
192, 42
187, 201
188, 172
191, 79
182, 361
189, 144
182, 362
178, 486
187, 208
187, 210
187, 211
187, 212
190, 119
184, 307
191, 90
182, 371
185, 281
187, 220
181, 406
190, 128
189, 159
188, 194
194, 8
179, 473
189, 164
181, 416
189, 169
185, 294
191, 113
183, 362
181, 428
181, 432
184, 340
194, 30
194, 33
190, 158
181, 439
185, 315
190, 161
183, 382
183, 384
195, 12
181, 447
192, 107
192, 108
192, 116
189, 210
191, 148
186, 307
185, 339
181, 464
183, 403
180, 497
182, 438
187, 284
182, 439
182, 442
193, 101
196, 9
191, 164
195, 42
185, 354
193, 108
183, 418
188, 267
195, 50
187, 300
189, 239
181, 487
190, 209
184, 396
181, 490
192, 151
191, 183
185, 371
195, 62
194, 94
191, 189
194, 97
192, 161
182, 471
183, 440
195, 69
189, 257
196, 40
188, 290
191, 203
196, 48
186, 360
192, 176
197, 21
184, 425
187, 334
182, 490
194, 122
185, 402
186, 371
183, 464
189, 281
184, 438
198, 7
187, 349
194, 132
191, 226
185, 412
196, 72
187, 352
197, 42
186, 387
189, 295
187, 358
188, 328
191, 237
192, 210
198, 25
184, 460
191, 244
191, 245
190, 282
197, 66
193, 190
192, 221
186, 409
187, 379
193, 194
196, 102
197, 73
189, 323
192, 232
194, 175
199, 21
194, 178
197, 88
195, 154
189, 342
196, 127
195, 158
186, 440
186, 441
200, 8
192, 256
194, 195
188, 384
188, 385
185, 478
197, 107
200, 14
196, 139
194, 203
187, 420
194, 204
187, 422
185, 488
199, 55
198, 90
190, 339
187, 432
194, 216
201, 3
188, 408
196, 160
201, 10
194, 235
188, 422
195, 206
191, 331
199, 83
188, 425
189, 395
188, 427
194, 241
189, 397
201, 27
200, 59
198, 123
201, 31
186, 497
186, 498
189, 407
198, 130
192, 317
187, 472
190, 379
196, 196
192, 320
200, 74
198, 137
201, 45
193, 298
190, 393
197, 182
200, 93
192, 344
196, 222
190, 409
201, 69
201, 72
189, 448
192, 356
189, 449
190, 418
194, 297
196, 237
202, 51
189, 455
197, 208
203, 22
200, 118
202, 56
197, 213
199, 151
191, 399
203, 28
198, 184
192, 371
199, 155
189, 470
189, 475
189, 476
194, 322
191, 419
196, 265
194, 328
190, 452
199, 175
195, 299
200, 146
204, 23
202, 85
202, 86
202, 89
193, 369
194, 342
203, 64
196, 283
196, 284
203, 68
199, 193
191, 441
195, 320
193, 382
202, 104
201, 135
203, 73
190, 477
191, 446
191, 448
204, 45
201, 141
203, 80
201, 142
195, 329
203, 81
200, 174
199, 207
202, 115
193, 396
200, 180
197, 273
197, 275
202, 121
196, 311
195, 345
196, 317
193, 412
203, 104
205, 42
197, 291
191, 479
197, 294
196, 327
199, 235
202, 142
193, 423
200, 210
195, 370
198, 279
200, 219
206, 34
193, 440
207, 9
203, 134
193, 449
201, 201
200, 234
197, 330
200, 238
202, 179
192, 492
196, 368
195, 399
202, 183
207, 28
202, 184
206, 60
193, 464
201, 217
192, 497
206, 67
195, 410
203, 167
194, 448
197, 356
197, 357
199, 295
206, 78
196, 389
203, 173
206, 80
206, 81
204, 147
207, 59
193, 496
199, 311
198, 351
209, 10
195, 445
199, 323
202, 230
206, 110
199, 329
206, 112
202, 238
206, 114
197, 394
194, 490
208, 57
207, 90
204, 186
209, 32
206, 127
209, 35
195, 470
202, 253
209, 37
198, 379
209, 38
200, 318
203, 225
201, 288
209, 41
204, 197
199, 352
205, 167
198, 386
207, 107
206, 141
207, 114
206, 146
197, 427
200, 334
207, 119
208, 90
204, 215
204, 216
196, 464
205, 187
206, 158
208, 96
201, 314
204, 221
208, 97
203, 256
201, 319
210, 42
203, 259
197, 446
204, 230
201, 323
202, 297
210, 50
211, 22
199, 396
210, 56
207, 149
205, 211
208, 119
211, 26
207, 152
198, 431
206, 183
196, 495
210, 67
197, 473
201, 349
207, 164
207, 165
197, 476
208, 135
210, 74
203, 294
206, 201
203, 295
201, 358
209, 112
204, 271
203, 304
202, 337
205, 245
207, 183
203, 308
212, 32
209, 128
212, 35
211, 67
213, 5
206, 228
201, 383
204, 291
208, 169
210, 107
205, 264
200, 419
208, 172
210, 110
198, 483
213, 18
204, 302
206, 241
205, 272
202, 366
212, 56
201, 398
203, 337
213, 27
200, 432
199, 463
203, 339
206, 247
206, 249
198, 498
212, 65
203, 345
207, 225
211, 102
206, 259
199, 477
211, 107
205, 293
206, 263
208, 203
205, 296
204, 330
213, 51
210, 145
214, 21
214, 22
214, 25
213, 58
208, 214
207, 245
200, 462
204, 340
214, 31
210, 155
207, 248
208, 218
199, 498
206, 281
202, 405
210, 159
212, 97
207, 252
200, 469
210, 160
203, 382
213, 73
212, 106
204, 358
205, 327
203, 389
210, 174
209, 205
204, 361
213, 84
211, 147
215, 25
207, 275
207, 279
208, 249
207, 282
200, 499
213, 96
205, 344
212, 131
205, 354
203, 417
214, 79
215, 52
202, 455
202, 456
206, 332
212, 148
209, 241
212, 155
205, 372
208, 281
216, 35
211, 190
206, 350
216, 42
209, 259
215, 75
210, 232
204, 419
203, 450
212, 174
206, 363
207, 332
208, 301
203, 460
205, 399
212, 187
206, 375
216, 67
205, 409
209, 287
209, 289
212, 197
218, 11
207, 354
207, 355
211, 234
204, 453
204, 456
206, 394
218, 25
214, 151
205, 430
212, 215
204, 465
208, 349
218, 39
214, 164
218, 41
206, 413
206, 415
205, 452
210, 298
206, 422
212, 237
219, 23
214, 178
211, 273
205, 462
215, 152
206, 433
218, 61
208, 371
210, 312
208, 378
209, 349
216, 133
207, 413
210, 322
220, 13
213, 232
210, 326
220, 16
216, 140
212, 266
205, 484
218, 82
218, 83
216, 146
220, 23
214, 209
210, 333
215, 179
214, 210
211, 304
207, 432
211, 310
208, 404
213, 250
216, 158
206, 470
219, 70
218, 102
213, 257
210, 351
215, 199
221, 15
219, 78
221, 18
211, 332
207, 457
213, 271
208, 428
210, 367
215, 212
207, 462
219, 90
206, 497
208, 435
214, 250
220, 65
210, 378
216, 193
212, 317
207, 473
212, 319
212, 320
220, 72
218, 134
216, 199
211, 355
215, 233
220, 82
222, 22
222, 25
218, 150
209, 429
219, 121
208, 462
222, 28
215, 246
211, 372
217, 204
209, 454
209, 455
219, 147
208, 490
214, 305
217, 213
215, 279
222, 66
219, 159
220, 130
212, 380
219, 163
210, 442
212, 382
217, 227
219, 166
221, 105
211, 417
220, 139
219, 171
221, 109
216, 267
224, 20
210, 454
217, 240
223, 58
222, 90
221, 121
223, 62
221, 124
222, 95
221, 127
216, 283
215, 317
216, 288
225, 10
211, 448
222, 107
217, 264
224, 47
219, 204
224, 49
213, 395
212, 428
220, 183
221, 155
211, 466
218, 252
216, 317
220, 193
219, 225
224, 72
223, 103
220, 197
211, 477
226, 13
212, 448
226, 22
219, 240
222, 149
225, 56
211, 490
212, 460
214, 401
224, 92
215, 374
227, 5
213, 439
213, 441
221, 197
212, 477
222, 168
227, 14
219, 262
220, 232
222, 170
215, 389
218, 298
225, 82
222, 177
214, 427
212, 490
213, 462
221, 214
223, 154
222, 193
214, 442
224, 132
217, 351
225, 103
219, 290
215, 418
227, 48
220, 266
226, 81
224, 143
221, 239
213, 487
220, 272
226, 91
220, 278
223, 186
225, 125
217, 374
215, 436
223, 190
219, 316
216, 411
229, 10
224, 165
227, 73
224, 172
224, 173
227, 81
223, 206
222, 237
224, 176
227, 86
226, 117
227, 87
228, 56
228, 60
219, 339
217, 402
224, 188
227, 95
219, 343
230, 4
228, 67
217, 410
215, 472
219, 351
226, 139
224, 203
223, 237
216, 455
215, 491
216, 461
223, 246
229, 61
215, 495
228, 95
222, 283
220, 347
220, 348
223, 256
224, 229
231, 12
216, 480
227, 142
221, 330
220, 362
229, 83
222, 302
231, 23
218, 428
219, 402
218, 433
222, 312
220, 375
218, 438
224, 253
227, 161
217, 473
227, 169
227, 170
232, 16
223, 295
228, 142
217, 485
227, 177
229, 116
231, 55
227, 180
219, 429
219, 430
232, 27
219, 434
222, 342
229, 126
224, 282
227, 190
232, 37
225, 254
220, 414
222, 352
220, 417
229, 138
230, 109
233, 18
225, 269
222, 362
224, 300
222, 365
226, 242
232, 61
233, 31
222, 377
228, 191
234, 5
225, 285
229, 162
228, 193
228, 195
226, 258
227, 227
222, 393
228, 207
230, 149
221, 429
228, 213
232, 89
222, 402
226, 280
219, 498
228, 220
233, 69
220, 475
227, 259
234, 46
230, 170
228, 233
234, 49
229, 204
229, 205
230, 174
234, 53
234, 57
225, 339
225, 340
228, 247
234, 62
220, 496
226, 311
235, 34
221, 470
230, 192
226, 316
232, 132
231, 163
228, 256
230, 195
231, 165
232, 139
236, 17
231, 172
223, 420
227, 300
225, 363
232, 148
229, 241
236, 26
227, 305
223, 430
233, 121
235, 59
227, 307
227, 308
236, 29
223, 435
222, 467
223, 437
231, 191
223, 440
228, 286
233, 132
229, 256
224, 412
234, 103
231, 197
235, 73
233, 137
227, 323
226, 358
225, 390
229, 268
225, 392
225, 396
227, 341
232, 186
229, 280
228, 314
230, 253
231, 223
232, 196
237, 44
229, 293
230, 263
227, 357
223, 483
228, 329
231, 236
236, 83
230, 269
223, 489
235, 117
232, 211
226, 399
231, 246
234, 153
236, 94
228, 345
233, 190
237, 68
230, 286
239, 9
226, 414
239, 11
225, 448
229, 324
231, 263
232, 232
234, 171
225, 451
233, 204
232, 238
227, 395
226, 426
232, 241
236, 117
237, 91
230, 308
225, 463
233, 216
237, 93
239, 35
234, 192
228, 379
233, 226
229, 350
235, 165
239, 42
239, 44
236, 137
233, 231
235, 169
232, 263
236, 139
229, 360
225, 484
240, 20
233, 237
236, 148
225, 493
234, 216
232, 278
227, 436
241, 2
233, 250
232, 282
240, 36
233, 256
230, 350
236, 164
232, 289
237, 135
237, 143
234, 238
236, 181
239, 88
227, 462
235, 218
228, 437
231, 346
227, 471
236, 194
228, 445
239, 105
242, 12
237, 169
233, 293
228, 449
232, 327
236, 205
231, 361
234, 269
241, 53
241, 55
234, 273
240, 87
229, 429
233, 305
233, 306
231, 370
233, 318
238, 164
230, 412
236, 228
230, 415
240, 106
241, 75
243, 13
240, 107
240, 108
242, 47
237, 203
233, 334
242, 57
231, 401
231, 403
239, 155
243, 31
235, 280
243, 33
242, 64
231, 407
243, 35
230, 441
229, 475
240, 135
240, 137
239, 168
244, 13
237, 230
229, 478
241, 109
242, 78
237, 235
239, 175
234, 331
237, 241
237, 242
229, 492
230, 464
240, 156
232, 404
245, 3
242, 97
232, 408
237, 254
230, 476
233, 384
234, 353
239, 199
232, 417
243, 77
233, 388
238, 234
240, 173
242, 111
239, 205
237, 267
235, 330
239, 207
237, 274
245, 29
244, 61
232, 436
239, 221
245, 37
232, 440
236, 319
238, 258
245, 47
239, 234
242, 142
233, 422
243, 113
239, 238
246, 23
232, 457
238, 276
246, 29
244, 91
244, 93
239, 254
247, 7
232, 472
247, 8
236, 351
234, 416
236, 359
244, 117
236, 366
241, 212
239, 277
237, 343
234, 438
237, 346
242, 193
236, 381
241, 228
233, 478
235, 417
248, 14
248, 16
234, 451
246, 83
237, 362
247, 56
234, 463
245, 122
237, 371
244, 154
237, 373
246, 94
242, 219
237, 375
234, 469
234, 471
235, 441
245, 133
245, 135
247, 81
239, 330
240, 300
241, 273
238, 367
234, 492
239, 337
249, 27
234, 494
249, 30
243, 217
235, 467
250, 2
248, 64
236, 438
237, 407
237, 408
241, 286
249, 41
245, 167
250, 12
243, 234
236, 453
240, 330
238, 393
240, 335
236, 460
242, 276
247, 123
248, 93
243, 248
249, 62
250, 31
245, 187
244, 219
238, 408
240, 348
236, 473
248, 103
250, 42
251, 13
237, 448
251, 14
243, 267
242, 299
239, 392
251, 21
236, 488
236, 489
247, 154
239, 402
243, 281
252, 6
244, 254
249, 99
245, 224
251, 39
252, 9
244, 257
242, 321
238, 450
237, 485
250, 86
245, 241
247, 180
246, 213
241, 371
242, 342
242, 350
240, 415
250, 107
250, 111
249, 144
243, 334
250, 118
241, 399
250, 121
246, 246
247, 216
243, 342
245, 281
251, 97
247, 225
244, 320
248, 200
240, 453
244, 330
240, 454
245, 299
253, 52
249, 177
250, 148
250, 153
243, 373
242, 404
249, 188
243, 374
251, 130
240, 472
255, 8
249, 195
243, 383
247, 259
240, 478
244, 354
253, 77
242, 422
252, 112
250, 178
251, 152
244, 369
247, 278
245, 343
251, 158
244, 377
246, 315
247, 286
250, 193
251, 163
252, 133
250, 197
249, 228
245, 353
252, 138
247, 293
251, 173
243, 422
248, 267
243, 423
241, 486
245, 365
249, 243
243, 429
248, 275
253, 125
256, 33
246, 343
246, 348
255, 71
242, 477
255, 76
253, 139
242, 480
249, 266
257, 20
242, 487
257, 24
245, 402
254, 127
252, 192
245, 410
244, 442
258, 10
252, 198
246, 386
254, 139
245, 419
251, 234
256, 79
248, 329
243, 484
247, 364
250, 271
254, 147
246, 396
246, 398
255, 122
254, 153
256, 92
252, 217
244, 465
250, 281
247, 375
252, 221
258, 35
255, 131
250, 287
247, 380
246, 413
257, 73
252, 228
247, 383
246, 415
256, 106
251, 266
256, 112
248, 361
249, 330
256, 115
253, 214
256, 122
257, 91
254, 184
252, 248
248, 372
254, 186
245, 465
254, 190
247, 407
254, 191
251, 285
245, 471
249, 347
256, 133
252, 258
247, 414
245, 481
246, 450
256, 140
249, 359
256, 143
246, 454
260, 20
252, 269
251, 306
259, 61
255, 188
260, 38
248, 410
247, 443
249, 381
246, 474
257, 134
249, 383
248, 415
246, 477
248, 418
250, 357
252, 298
250, 361
253, 269
249, 393
255, 209
249, 395
250, 364
251, 333
257, 148
250, 366
250, 368
251, 340
258, 127
247, 468
249, 417
254, 264
262, 17
254, 266
259, 113
251, 361
258, 145
248, 455
261, 54
253, 303
248, 458
247, 491
252, 337
252, 339
255, 248
249, 434
258, 155
251, 375
261, 66
262, 35
248, 469
256, 222
248, 472
263, 8
252, 350
251, 383
259, 135
262, 42
252, 353
259, 137
250, 416
248, 480
255, 263
260, 111
258, 174
254, 300
255, 269
263, 22
255, 270
249, 457
251, 398
249, 461
262, 58
260, 121
260, 122
256, 250
249, 470
251, 409
259, 162
252, 379
256, 257
251, 413
258, 196
262, 72
261, 105
257, 233
259, 172
250, 451
260, 143
264, 20
262, 82
250, 454
250, 455
251, 425
259, 178
249, 490
256, 274
261, 121
251, 435
261, 125
251, 436
257, 251
251, 437
250, 472
261, 132
253, 382
250, 475
254, 355
256, 295
258, 234
258, 236
250, 485
263, 83
251, 460
254, 367
262, 120
265, 29
255, 340
254, 373
257, 284
266, 10
258, 264
254, 390
255, 360
265, 50
251, 485
262, 144
257, 300
263, 116
257, 302
263, 117
259, 242
266, 26
259, 244
257, 309
263, 124
264, 93
261, 186
253, 434
255, 373
262, 157
252, 467
257, 314
264, 97
253, 439
267, 7
254, 411
264, 103
261, 200
265, 76
263, 138
266, 45
266, 46
252, 484
264, 112
260, 236
257, 333
266, 55
255, 396
252, 490
266, 57
256, 370
259, 278
261, 217
253, 465
264, 125
259, 281
254, 444
265, 104
259, 292
261, 230
266, 75
259, 294
259, 295
267, 50
259, 298
253, 485
263, 175
265, 114
256, 395
253, 491
254, 463
263, 188
256, 408
258, 351
264, 166
259, 323
266, 107
267, 77
262, 232
258, 359
262, 236
262, 237
266, 117
266, 119
266, 121
255, 462
254, 496
261, 281
263, 221
255, 469
257, 414
257, 415
268, 78
263, 234
260, 328
256, 453
261, 299
265, 176
262, 269
268, 84
266, 147
255, 491
267, 120
257, 431
270, 30
261, 310
262, 279
268, 94
263, 250
258, 410
258, 411
268, 101
262, 288
259, 384
268, 105
262, 293
268, 107
268, 108
259, 392
265, 209
269, 87
257, 460
269, 90
266, 191
269, 98
263, 285
270, 68
271, 37
264, 255
261, 349
271, 41
261, 354
262, 326
258, 451
268, 143
266, 206
263, 303
263, 305
266, 216
271, 63
261, 375
269, 133
261, 382
260, 414
266, 230
272, 45
263, 326
273, 17
271, 83
268, 176
269, 146
269, 149
269, 150
262, 367
265, 275
266, 247
260, 435
267, 220
272, 67
264, 315
274, 7
262, 379
265, 288
259, 475
270, 134
268, 196
271, 104
268, 198
273, 44
262, 385
262, 387
268, 202
263, 358
266, 267
260, 454
270, 145
269, 177
270, 147
267, 241
263, 367
260, 464
268, 216
272, 92
263, 372
267, 248
270, 159
266, 287
269, 196
270, 165
269, 201
264, 356
264, 360
268, 237
265, 331
267, 271
262, 426
264, 366
268, 242
260, 490
272, 119
264, 367
268, 251
271, 159
263, 407
275, 37
267, 286
271, 164
264, 383
267, 291
276, 12
274, 79
271, 173
264, 393
268, 269
275, 55
276, 31
271, 186
264, 403
269, 249
263, 436
262, 467
267, 313
267, 314
264, 410
276, 40
275, 72
264, 418
264, 419
277, 18
265, 391
276, 52
269, 269
262, 487
262, 491
267, 337
271, 213
275, 90
277, 29
271, 218
275, 94
278, 3
269, 283
272, 192
263, 473
274, 134
266, 383
275, 105
265, 416
270, 263
269, 295
266, 389
271, 235
268, 329
276, 82
264, 455
271, 240
277, 55
276, 86
272, 212
271, 245
270, 277
268, 341
271, 251
263, 499
271, 253
270, 286
274, 163
270, 288
268, 352
271, 260
277, 75
266, 417
264, 488
265, 458
273, 211
264, 491
266, 432
274, 185
265, 464
271, 278
265, 466
280, 1
266, 438
267, 408
278, 67
266, 441
275, 163
274, 194
268, 383
267, 416
265, 478
273, 231
269, 355
278, 77
268, 389
276, 142
278, 81
270, 331
269, 362
266, 456
272, 270
265, 487
272, 273
279, 56
270, 336
275, 181
270, 339
276, 156
268, 406
280, 35
276, 159
272, 284
280, 36
274, 223
281, 6
274, 224
273, 256
280, 39
268, 412
275, 199
269, 385
277, 139
270, 358
275, 203
281, 18
267, 454
270, 362
278, 115
277, 156
268, 437
267, 470
271, 346
282, 8
276, 196
279, 103
280, 72
280, 76
276, 200
270, 389
278, 141
278, 143
281, 54
282, 26
273, 305
271, 371
272, 340
280, 94
273, 312
283, 2
268, 468
281, 66
268, 471
275, 254
274, 286
281, 70
277, 194
280, 102
275, 260
278, 168
282, 45
272, 356
280, 108
274, 294
273, 326
277, 205
279, 144
271, 398
279, 151
282, 60
268, 495
273, 340
281, 93
274, 310
270, 435
281, 98
280, 129
277, 227
283, 42
275, 290
269, 476
281, 110
279, 173
281, 112
274, 330
284, 20
270, 456
281, 115
273, 364
271, 427
279, 182
273, 372
285, 2
270, 469
272, 408
274, 347
270, 480
284, 48
285, 19
276, 299
275, 330
271, 455
273, 395
278, 243
276, 305
275, 337
280, 183
284, 59
279, 215
278, 249
275, 346
284, 69
280, 193
285, 39
277, 292
280, 203
285, 49
283, 112
281, 175
275, 361
276, 335
282, 149
271, 491
283, 119
281, 183
271, 498
274, 407
273, 438
277, 318
285, 71
274, 414
284, 105
274, 417
284, 107
278, 294
285, 77
285, 78
276, 359
278, 299
279, 268
287, 20
286, 58
278, 308
275, 402
280, 247
275, 404
283, 156
286, 69
282, 193
277, 353
276, 386
274, 448
280, 263
281, 234
275, 423
276, 392
279, 303
280, 272
273, 489
283, 181
277, 370
282, 216
286, 93
276, 403
288, 35
287, 66
277, 376
279, 315
288, 38
280, 288
286, 102
280, 290
282, 228
283, 202
288, 49
283, 204
285, 142
275, 453
283, 205
277, 392
283, 207
286, 115
280, 303
287, 89
277, 400
287, 90
277, 402
288, 62
289, 34
277, 409
284, 195
280, 321
286, 136
285, 170
285, 173
287, 112
278, 394
279, 364
287, 116
275, 489
281, 307
283, 246
290, 29
284, 216
278, 405
291, 8
279, 383
283, 262
288, 107
288, 110
280, 358
276, 489
286, 181
284, 243
285, 213
287, 152
276, 497
278, 435
287, 156
279, 405
290, 64
290, 69
288, 133
286, 196
288, 136
278, 448
291, 46
280, 387
289, 108
292, 16
281, 357
289, 111
277, 484
285, 236
288, 145
292, 22
285, 242
281, 367
291, 58
283, 306
280, 401
289, 123
279, 434
288, 155
290, 93
290, 94
286, 219
291, 65
293, 10
286, 227
286, 230
281, 386
281, 390
290, 112
286, 239
282, 365
293, 28
283, 339
292, 60
288, 186
280, 437
282, 375
293, 35
294, 6
280, 441
284, 317
293, 38
292, 73
280, 448
289, 170
288, 201
294, 16
283, 360
284, 330
290, 144
279, 487
286, 275
286, 276
288, 217
286, 280
288, 219
295, 3
284, 344
282, 417
285, 326
293, 82
281, 454
286, 302
291, 148
289, 210
280, 492
284, 371
291, 154
286, 314
293, 99
282, 444
293, 104
295, 45
281, 484
283, 422
295, 54
284, 397
296, 26
292, 151
291, 182
284, 401
281, 494
293, 127
296, 37
292, 162
285, 380
290, 226
286, 350
292, 170
283, 450
290, 234
289, 269
296, 53
288, 302
297, 27
290, 244
283, 462
296, 60
295, 91
290, 250
294, 126
296, 66
289, 286
298, 7
292, 194
284, 442
294, 133
298, 9
298, 11
294, 137
287, 357
286, 389
298, 18
289, 297
292, 206
289, 304
291, 243
286, 399
284, 462
297, 61
287, 372
283, 496
289, 311
287, 373
292, 220
294, 163
288, 350
287, 383
292, 228
296, 106
299, 21
297, 83
287, 394
296, 117
287, 400
286, 431
285, 463
292, 247
295, 154
298, 66
299, 35
297, 98
298, 69
298, 70
299, 41
297, 103
288, 383
293, 229
294, 199
287, 417
298, 77
286, 451
297, 110
288, 391
294, 208
298, 85
297, 117
285, 491
298, 89
292, 276
299, 60
300, 30
294, 218
300, 34
300, 39
289, 383
288, 414
290, 353
301, 17
289, 395
288, 426
288, 427
289, 397
300, 57
291, 338
297, 153
288, 441
289, 411
298, 132
290, 381
291, 350
297, 168
302, 15
298, 140
297, 171
301, 48
297, 174
294, 267
295, 237
294, 270
297, 180
298, 149
291, 367
294, 275
296, 216
298, 155
294, 281
296, 220
292, 349
289, 443
295, 257
295, 260
292, 354
292, 355
303, 14
292, 356
291, 388
292, 357
294, 296
291, 390
302, 49
288, 485
292, 364
288, 490
302, 56
291, 398
298, 182
295, 275
288, 493
304, 3
299, 159
297, 224
295, 289
294, 325
295, 295
295, 297
297, 238
300, 145
296, 271
293, 366
297, 242
302, 89
290, 461
300, 152
299, 185
303, 62
298, 218
305, 4
299, 190
304, 36
293, 377
302, 99
301, 133
295, 321
293, 384
304, 43
290, 479
292, 423
299, 208
305, 23
298, 241
298, 242
304, 63
302, 128
292, 438
292, 441
297, 286
291, 474
298, 257
299, 229
301, 173
292, 455
303, 114
304, 85
292, 460
300, 216
306, 30
294, 403
296, 341
298, 280
305, 65
297, 315
293, 441
302, 165
296, 351
293, 450
296, 360
304, 113
294, 423
294, 425
296, 366
305, 90
294, 431
301, 215
305, 91
292, 497
298, 312
305, 98
294, 440
299, 287
302, 194
300, 257
301, 228
302, 208
298, 335
299, 306
294, 461
295, 434
300, 280
293, 499
305, 129
300, 287
306, 101
295, 443
300, 293
308, 49
299, 331
297, 394
303, 208
300, 302
303, 213
308, 61
296, 437
298, 376
303, 221
308, 66
303, 223
303, 225
297, 413
304, 198
295, 479
309, 46
304, 203
310, 18
295, 483
303, 236
308, 83
306, 146
310, 24
304, 211
298, 398
300, 337
304, 214
307, 122
299, 371
301, 309
310, 31
304, 217
301, 311
311, 1
301, 313
301, 316
302, 288
305, 195
311, 10
299, 382
307, 137
297, 450
300, 358
307, 143
301, 333
297, 458
306, 182
303, 275
296, 493
312, 1
308, 129
300, 377
304, 253
297, 473
304, 256
312, 9
303, 289
304, 258
300, 384
308, 136
305, 230
310, 75
311, 45
302, 325
297, 481
307, 172
302, 327
307, 174
304, 268
305, 237
298, 458
299, 430
304, 276
310, 91
312, 30
306, 217
303, 310
302, 342
308, 156
306, 222
305, 254
302, 350
303, 320
301, 383
313, 11
306, 232
308, 171
299, 452
307, 206
311, 86
309, 150
305, 274
308, 181
306, 244
307, 219
303, 346
314, 7
305, 292
306, 261
314, 13
300, 449
303, 356
305, 297
309, 174
302, 392
310, 146
307, 242
313, 59
300, 462
306, 276
300, 463
312, 92
310, 154
302, 403
302, 404
315, 2
307, 254
310, 162
315, 8
300, 475
310, 165
314, 42
312, 105
312, 107
306, 294
301, 449
308, 232
315, 15
312, 114
313, 86
302, 428
314, 56
304, 369
314, 60
302, 433
305, 342
306, 311
311, 159
307, 284
308, 253
306, 320
301, 478
316, 13
313, 111
304, 391
316, 21
313, 114
314, 85
315, 56
314, 87
304, 399
316, 29
301, 496
314, 93
306, 343
317, 2
317, 3
306, 346
317, 6
310, 230
302, 479
315, 76
313, 140
312, 174
303, 454
308, 300
303, 456
315, 86
304, 430
308, 309
308, 312
303, 467
303, 472
312, 194
305, 412
305, 413
312, 197
314, 136
313, 168
306, 385
316, 76
312, 201
315, 109
315, 110
317, 49
311, 236
315, 113
305, 428
312, 211
316, 89
306, 400
313, 183
313, 187
310, 281
307, 375
316, 97
317, 69
308, 357
306, 419
317, 81
312, 236
316, 115
309, 336
304, 493
316, 121
306, 434
318, 63
314, 190
305, 470
311, 285
312, 258
313, 228
318, 75
317, 109
313, 233
311, 295
307, 419
317, 110
310, 328
305, 487
306, 456
320, 25
308, 397
307, 429
307, 430
315, 183
309, 369
306, 463
312, 280
313, 251
306, 469
318, 98
312, 287
315, 195
308, 414
314, 229
318, 106
312, 292
315, 200
314, 232
316, 171
318, 110
317, 142
314, 236
320, 50
310, 361
308, 424
308, 425
314, 240
308, 426
320, 55
308, 428
310, 370
315, 216
306, 495
306, 498
313, 281
319, 96
321, 37
319, 100
317, 166
310, 383
314, 262
307, 479
309, 418
314, 264
312, 328
319, 112
321, 53
317, 178
318, 148
310, 396
315, 250
318, 159
308, 470
316, 224
318, 163
308, 474
319, 134
312, 352
321, 74
314, 291
311, 385
314, 293
321, 77
312, 358
323, 18
323, 19
317, 207
322, 54
318, 181
321, 89
313, 338
309, 463
314, 308
316, 248
321, 94
322, 70
323, 39
324, 9
309, 475
320, 135
312, 384
317, 230
313, 354
320, 138
310, 451
324, 22
317, 240
319, 182
318, 215
311, 436
321, 126
318, 220
322, 96
325, 7
323, 70
315, 318
324, 40
310, 474
324, 42
311, 445
320, 167
324, 43
324, 44
324, 45
321, 139
313, 388
317, 265
310, 482
316, 298
313, 393
315, 336
311, 464
322, 125
317, 282
319, 223
320, 193
325, 39
326, 9
317, 290
318, 263
324, 78
318, 265
311, 483
314, 390
313, 422
316, 330
314, 393
323, 116
325, 55
320, 211
315, 367
314, 398
320, 213
325, 58
313, 433
318, 279
311, 496
325, 66
316, 345
324, 98
316, 348
326, 38
323, 135
316, 352
327, 12
324, 105
322, 173
325, 83
315, 397
319, 274
316, 368
327, 30
318, 309
317, 341
317, 348
313, 476
321, 228
326, 74
327, 46
319, 295
323, 171
322, 202
328, 17
313, 483
318, 328
318, 329
323, 174
318, 331
324, 146
321, 241
313, 489
323, 182
328, 29
313, 495
325, 125
318, 343
327, 65
313, 499
324, 159
318, 345
326, 97
324, 160
322, 223
318, 347
327, 69
324, 164
316, 412
314, 475
317, 384
327, 76
326, 107
323, 205
317, 391
317, 392
319, 333
323, 209
315, 459
323, 214
319, 341
319, 342
321, 280
325, 158
317, 412
316, 444
329, 42
329, 43
329, 45
320, 326
327, 109
328, 78
325, 172
322, 266
320, 329
321, 299
316, 457
315, 489
329, 55
329, 57
330, 29
315, 496
320, 342
327, 125
326, 156
317, 436
325, 192
319, 379
325, 193
325, 194
325, 198
322, 291
331, 13
330, 44
327, 140
327, 141
328, 112
324, 241
321, 341
329, 95
329, 99
329, 100
320, 382
323, 290
327, 167
328, 137
329, 106
332, 13
321, 355
332, 14
323, 295
320, 389
322, 328
318, 453
327, 175
321, 362
325, 239
320, 395
320, 400
321, 369
329, 121
324, 276
323, 309
332, 33
323, 313
317, 499
325, 253
322, 349
330, 102
326, 227
324, 289
321, 383
331, 74
322, 354
319, 447
319, 450
323, 326
326, 233
330, 112
320, 423
321, 393
333, 23
322, 364
319, 457
321, 398
319, 465
321, 404
329, 160
325, 285
321, 409
332, 70
329, 164
332, 72
319, 475
319, 476
324, 321
321, 416
333, 51
325, 301
331, 117
334, 24
329, 181
324, 336
325, 307
321, 434
322, 404
331, 126
320, 467
332, 97
333, 66
326, 283
327, 253
333, 68
325, 316
327, 255
335, 8
333, 71
330, 164
330, 168
328, 235
335, 19
321, 455
320, 488
322, 426
329, 209
323, 396
331, 149
330, 187
332, 129
331, 160
331, 161
323, 410
323, 413
332, 135
336, 15
322, 452
335, 49
332, 147
322, 458
326, 338
322, 466
327, 313
327, 314
331, 192
331, 193
333, 133
328, 289
335, 72
322, 477
330, 230
324, 416
322, 479
323, 448
323, 450
329, 266
326, 360
324, 424
334, 116
335, 86
337, 25
336, 58
323, 463
332, 185
331, 219
333, 158
326, 375
335, 96
333, 159
328, 317
326, 379
324, 443
335, 103
329, 289
328, 322
338, 13
334, 137
337, 45
325, 418
329, 294
323, 482
337, 48
333, 173
335, 114
326, 395
323, 489
329, 304
331, 243
335, 119
335, 120
331, 248
337, 62
327, 374
326, 407
336, 99
338, 37
324, 472
328, 348
333, 195
324, 476
339, 13
337, 77
324, 483
336, 111
335, 144
327, 394
338, 53
328, 364
336, 121
335, 158
329, 347
328, 382
336, 135
328, 386
338, 78
330, 327
326, 454
327, 423
329, 362
330, 332
329, 363
331, 303
336, 149
325, 490
335, 181
337, 120
332, 275
332, 276
331, 309
334, 220
336, 160
332, 284
331, 316
338, 100
337, 133
333, 258
328, 415
333, 260
338, 106
333, 261
340, 46
334, 232
333, 264
341, 19
341, 20
331, 331
334, 239
327, 457
335, 210
340, 56
336, 184
326, 495
338, 124
329, 405
332, 314
341, 36
338, 129
338, 130
330, 381
342, 10
342, 13
330, 387
328, 450
330, 391
337, 179
335, 243
330, 398
328, 460
342, 30
338, 154
329, 433
330, 403
331, 375
341, 67
339, 131
335, 258
343, 10
330, 414
328, 476
339, 136
340, 106
328, 481
331, 390
333, 330
339, 145
334, 300
334, 301
330, 426
338, 178
341, 86
337, 211
343, 26
341, 88
342, 58
331, 400
331, 401
341, 91
332, 371
343, 31
339, 156
340, 125
338, 188
336, 251
339, 160
333, 348
340, 131
338, 195
334, 320
336, 258
337, 229
335, 294
335, 297
338, 205
332, 392
344, 21
329, 486
338, 207
334, 332
334, 333
335, 303
337, 242
331, 431
334, 338
343, 62
334, 343
343, 64
331, 439
340, 161
330, 472
339, 195
332, 412
337, 257
339, 196
336, 290
344, 43
343, 75
337, 261
344, 46
341, 142
339, 204
337, 266
342, 112
338, 240
343, 85
340, 178
334, 365
339, 211
338, 242
345, 28
341, 152
340, 184
334, 370
338, 247
330, 498
330, 499
345, 35
332, 439
345, 37
343, 100
335, 351
345, 41
341, 165
331, 475
343, 104
340, 197
338, 267
336, 330
338, 268
336, 331
343, 116
341, 180
343, 118
340, 211
331, 491
335, 368
336, 337
346, 30
339, 247
337, 312
345, 64
338, 282
333, 437
346, 36
332, 473
335, 380
334, 413
342, 165
333, 444
339, 259
341, 200
336, 357
347, 18
336, 360
346, 51
333, 455
344, 115
342, 177
339, 271
334, 427
346, 61
337, 340
339, 280
347, 32
339, 281
340, 250
339, 282
346, 66
344, 129
334, 440
335, 410
333, 474
339, 288
341, 227
336, 386
340, 263
337, 356
337, 358
339, 301
345, 116
333, 488
347, 54
337, 365
341, 242
336, 398
344, 150
346, 89
333, 492
333, 493
347, 59
348, 29
336, 402
345, 124
347, 62
341, 249
339, 313
336, 406
347, 66
334, 470
346, 99
334, 474
336, 412
338, 350
341, 259
343, 200
349, 14
342, 233
347, 79
341, 267
343, 206
346, 115
344, 177
334, 488
347, 85
340, 302
343, 211
341, 274
346, 120
345, 152
336, 431
335, 465
343, 217
341, 280
342, 252
336, 438
350, 5
343, 222
345, 160
339, 349
345, 165
346, 135
350, 11
336, 447
349, 44
344, 200
338, 389
336, 454
346, 144
335, 486
337, 425
347, 115
347, 116
346, 147
338, 395
341, 302
349, 55
346, 150
344, 213
341, 306
344, 214
343, 247
349, 62
345, 188
342, 285
343, 262
346, 171
349, 79
346, 172
346, 174
347, 143
344, 237
351, 25
338, 432
346, 185
345, 217
348, 125
349, 94
346, 188
342, 316
344, 255
352, 7
342, 318
345, 225
338, 443
351, 41
344, 258
341, 354
343, 298
337, 487
347, 179
341, 366
343, 305
342, 338
349, 122
341, 370
343, 309
343, 311
337, 499
338, 468
350, 99
341, 378
349, 130
350, 100
343, 317
342, 349
350, 102
339, 443
345, 259
346, 228
347, 200
349, 140
346, 237
345, 269
351, 85
340, 426
342, 365
349, 148
340, 428
349, 149
346, 242
349, 150
345, 277
339, 463
345, 279
351, 97
341, 407
340, 439
341, 408
350, 131
349, 164
341, 413
349, 165
347, 229
351, 105
342, 387
350, 139
346, 264
347, 235
353, 50
350, 146
342, 394
351, 116
344, 336
349, 181
353, 57
340, 465
347, 250
355, 2
344, 346
352, 99
341, 441
342, 415
351, 138
347, 264
341, 450
343, 389
344, 359
353, 81
341, 454
344, 361
350, 175
355, 22
347, 273
346, 304
351, 150
340, 494
352, 122
340, 496
355, 33
343, 405
344, 375
341, 469
345, 347
356, 8
345, 349
342, 445
353, 104
341, 477
355, 48
346, 327
350, 204
352, 143
349, 241
345, 366
355, 56
354, 88
349, 245
349, 246
349, 247
353, 124
354, 93
355, 63
342, 466
350, 219
347, 317
357, 8
346, 349
352, 163
357, 9
342, 474
357, 10
343, 451
344, 421
355, 83
350, 239
353, 146
344, 429
352, 184
344, 432
349, 280
350, 250
356, 65
355, 97
354, 129
355, 99
356, 69
351, 226
358, 15
346, 387
352, 201
348, 326
349, 299
356, 82
358, 20
347, 363
345, 426
353, 178
351, 242
355, 119
352, 213
345, 431
352, 216
344, 464
353, 185
345, 445
346, 414
348, 353
351, 262
358, 46
347, 389
345, 451
359, 18
351, 267
350, 298
349, 331
356, 115
355, 147
352, 241
351, 275
349, 338
351, 276
348, 370
344, 494
351, 278
346, 436
358, 67
355, 163
350, 318
350, 321
353, 229
354, 198
349, 354
350, 324
355, 170
347, 418
354, 202
358, 81
356, 144
353, 240
345, 489
352, 275
347, 431
348, 401
349, 371
360, 31
352, 280
348, 404
353, 255
357, 134
359, 72
361, 11
357, 136
354, 231
361, 16
358, 109
350, 357
356, 172
359, 80
350, 362
349, 393
359, 83
360, 53
358, 116
352, 305
355, 217
346, 499
357, 158
348, 437
359, 98
355, 223
353, 286
354, 255
352, 319
359, 104
351, 352
360, 74
355, 229
361, 45
356, 200
347, 480
353, 296
355, 237
360, 84
351, 364
355, 241
351, 366
358, 150
349, 430
357, 185
356, 218
352, 342
350, 405
359, 126
362, 33
352, 345
355, 253
350, 412
348, 475
351, 382
358, 166
361, 75
355, 261
348, 478
362, 45
350, 418
354, 295
351, 388
349, 455
363, 21
349, 458
357, 210
363, 27
362, 58
352, 369
350, 432
356, 246
351, 404
348, 499
351, 407
352, 376
359, 160
354, 318
360, 135
354, 322
357, 230
363, 46
350, 449
350, 451
359, 179
352, 396
349, 491
357, 244
361, 120
363, 59
349, 493
362, 91
351, 433
354, 343
364, 35
357, 252
360, 160
352, 412
353, 381
365, 9
363, 72
355, 321
351, 448
360, 171
361, 141
359, 204
351, 455
362, 115
354, 366
358, 244
350, 497
350, 498
351, 468
364, 67
360, 194
353, 412
363, 104
353, 416
354, 385
353, 419
366, 16
352, 455
358, 269
356, 332
362, 146
358, 271
354, 405
355, 375
360, 220
357, 315
366, 40
358, 288
353, 444
366, 41
357, 323
360, 233
353, 450
357, 331
362, 178
359, 272
355, 397
365, 88
367, 30
368, 2
361, 219
363, 162
360, 258
358, 324
358, 326
355, 420
367, 50
357, 360
353, 484
356, 393
353, 487
367, 54
356, 395
362, 210
366, 87
361, 242
363, 181
353, 492
366, 94
357, 376
356, 407
366, 98
358, 350
355, 445
357, 386
369, 15
355, 450
359, 327
364, 173
364, 174
365, 143
359, 330
364, 175
365, 145
362, 238
357, 394
364, 178
357, 395
362, 240
362, 241
361, 275
362, 245
357, 401
355, 463
367, 92
368, 63
364, 187
363, 219
367, 99
367, 100
361, 290
365, 168
360, 325
364, 203
360, 329
356, 453
355, 496
364, 219
363, 250
370, 36
360, 346
362, 285
370, 38
366, 165
366, 166
366, 168
365, 199
369, 76
367, 140
367, 142
364, 237
366, 177
363, 272
367, 150
365, 213
362, 307
356, 494
368, 122
364, 246
363, 281
366, 190
357, 469
369, 97
365, 223
369, 101
361, 350
360, 381
372, 9
358, 444
366, 197
365, 229
359, 418
371, 47
368, 140
367, 174
364, 270
369, 115
359, 425
361, 366
369, 118
363, 308
371, 63
357, 498
358, 470
368, 160
362, 347
358, 473
369, 133
370, 102
361, 381
373, 10
372, 42
371, 75
368, 169
371, 76
365, 263
370, 109
360, 419
363, 327
369, 141
361, 391
358, 485
373, 21
368, 178
371, 88
363, 338
365, 278
369, 156
373, 32
366, 251
371, 96
360, 437
374, 3
362, 377
368, 192
364, 318
363, 350
370, 135
374, 12
367, 230
364, 324
371, 108
374, 16
362, 390
373, 51
374, 20
372, 83
369, 180
365, 305
359, 491
374, 31
370, 155
373, 62
374, 32
369, 187
359, 498
372, 95
367, 251
364, 344
375, 3
366, 282
363, 377
374, 38
360, 476
374, 44
365, 326
366, 297
374, 56
361, 460
372, 125
375, 32
369, 219
366, 313
368, 253
363, 408
366, 315
370, 193
364, 380
364, 381
363, 414
367, 290
364, 384
371, 169
375, 48
370, 204
363, 424
362, 456
363, 425
362, 457
365, 365
368, 277
363, 435
366, 343
373, 126
361, 499
366, 347
363, 444
364, 413
366, 353
371, 199
376, 46
363, 451
369, 266
376, 50
365, 394
376, 55
365, 396
371, 210
362, 493
364, 432
374, 122
377, 33
365, 405
367, 346
365, 409
365, 410
377, 41
373, 165
365, 413
365, 416
370, 262
369, 296
375, 111
372, 204
377, 52
373, 177
376, 85
365, 426
363, 489
366, 397
374, 152
373, 183
375, 123
379, 11
366, 414
365, 448
375, 140
373, 202
370, 296
374, 174
366, 426
368, 364
372, 241
366, 427
366, 428
374, 180
364, 491
377, 88
373, 214
372, 248
374, 191
365, 472
380, 9
370, 320
371, 289
365, 476
379, 44
370, 325
380, 15
371, 294
376, 140
369, 357
374, 204
365, 483
375, 174
365, 485
368, 393
379, 52
378, 84
367, 426
366, 457
376, 149
373, 246
377, 122
367, 433
377, 127
377, 128
372, 288
374, 226
373, 258
369, 384
371, 324
381, 15
381, 17
379, 79
380, 50
367, 453
377, 146
374, 240
372, 304
371, 335
380, 57
372, 310
370, 373
379, 98
372, 316
375, 225
377, 166
372, 322
368, 451
374, 269
369, 425
381, 54
368, 459
379, 119
368, 462
373, 310
376, 218
367, 499
381, 66
382, 37
371, 379
382, 38
369, 443
382, 40
375, 258
374, 291
383, 13
380, 107
382, 45
379, 141
383, 18
371, 393
374, 300
372, 362
369, 456
377, 217
370, 434
383, 32
374, 312
384, 2
377, 220
372, 375
381, 98
375, 285
377, 226
384, 11
370, 448
373, 355
379, 170
373, 358
377, 236
380, 143
375, 300
374, 332
370, 456
373, 364
376, 274
375, 306
381, 121
379, 183
372, 402
384, 32
381, 126
373, 375
372, 406
371, 441
380, 163
375, 318
370, 473
375, 319
377, 257
374, 350
378, 229
384, 43
375, 323
373, 385
384, 45
378, 233
380, 171
374, 358
383, 79
370, 486
385, 25
375, 338
370, 493
379, 216
370, 496
377, 279
371, 466
374, 374
371, 469
383, 97
384, 67
374, 377
383, 99
380, 193
372, 445
382, 137
378, 262
378, 265
378, 267
379, 237
371, 488
382, 147
378, 272
385, 56
372, 459
373, 428
383, 118
371, 491
373, 430
379, 245
380, 215
379, 246
376, 341
377, 310
383, 125
382, 156
377, 312
386, 33
386, 34
387, 7
374, 411
381, 196
377, 322
378, 292
381, 202
387, 17
382, 174
373, 453
377, 329
383, 144
373, 456
385, 84
386, 54
382, 180
372, 490
386, 57
384, 121
383, 155
377, 344
382, 191
382, 194
379, 290
379, 291
379, 294
374, 451
381, 240
382, 211
384, 151
379, 308
373, 495
385, 123
389, 1
374, 467
375, 436
388, 34
380, 282
381, 252
380, 288
375, 444
374, 475
383, 198
377, 386
382, 232
384, 170
381, 264
378, 359
388, 49
388, 50
383, 207
388, 54
383, 211
385, 151
384, 186
377, 403
377, 405
385, 157
376, 438
381, 284
380, 315
380, 318
387, 103
381, 291
376, 447
379, 354
386, 140
387, 109
376, 452
375, 483
378, 392
381, 300
378, 394
386, 147
390, 24
385, 179
382, 273
379, 366
378, 398
381, 305
385, 182
389, 59
385, 183
389, 60
377, 436
379, 376
379, 377
383, 253
390, 37
390, 38
389, 70
391, 8
380, 350
388, 102
380, 352
389, 75
389, 76
385, 200
384, 232
383, 263
380, 356
383, 264
379, 390
380, 366
386, 180
383, 277
389, 91
392, 2
382, 312
387, 157
390, 66
385, 224
382, 322
377, 477
381, 354
390, 78
386, 203
379, 422
391, 52
383, 302
383, 303
381, 365
389, 117
392, 24
383, 305
385, 246
388, 153
380, 401
378, 464
378, 465
377, 497
378, 467
390, 97
393, 5
391, 68
391, 69
383, 319
387, 199
381, 385
380, 418
392, 48
390, 111
380, 421
379, 454
392, 54
388, 179
383, 334
389, 150
384, 309
391, 93
379, 466
391, 97
386, 252
387, 221
379, 469
381, 407
389, 160
393, 39
384, 319
392, 74
385, 293
386, 264
379, 481
387, 235
393, 51
384, 330
385, 299
386, 270
391, 116
384, 335
380, 461
388, 215
383, 371
391, 124
387, 250
395, 4
388, 223
385, 320
387, 259
394, 46
388, 232
387, 263
388, 234
390, 172
394, 50
380, 487
388, 239
394, 56
385, 339
388, 248
396, 2
390, 188
395, 37
383, 410
382, 444
395, 42
386, 323
391, 169
396, 19
381, 485
384, 393
382, 455
391, 178
388, 272
384, 398
386, 337
393, 120
391, 183
387, 307
393, 124
393, 125
390, 219
386, 347
389, 254
388, 289
386, 354
397, 14
390, 233
397, 16
392, 173
385, 390
389, 270
390, 243
382, 492
382, 493
385, 402
386, 372
397, 34
386, 375
396, 66
398, 8
395, 101
387, 351
389, 290
393, 169
393, 174
392, 210
386, 396
383, 490
392, 213
398, 28
388, 338
392, 217
384, 466
383, 498
386, 406
386, 410
397, 69
398, 40
390, 288
386, 413
387, 384
396, 105
384, 478
393, 200
384, 481
390, 296
397, 80
387, 391
398, 52
385, 456
394, 179
388, 366
394, 183
390, 311
391, 281
394, 189
399, 36
392, 254
389, 350
396, 133
399, 41
387, 418
395, 170
388, 388
400, 16
385, 485
386, 455
396, 145
389, 362
397, 115
388, 396
395, 183
398, 92
396, 155
387, 434
390, 343
393, 252
399, 66
397, 129
399, 67
395, 192
388, 411
391, 323
396, 168
388, 417
390, 357
397, 142
386, 486
397, 148
388, 427
400, 56
388, 430
395, 213
391, 341
393, 280
397, 157
391, 343
386, 499
401, 34
391, 346
390, 378
389, 411
398, 136
387, 481
399, 109
396, 203
387, 485
399, 116
394, 271
394, 272
401, 55
395, 245
398, 153
402, 30
399, 123
398, 159
391, 380
402, 39
397, 194
403, 11
388, 476
391, 387
395, 264
389, 451
391, 392
391, 393
389, 457
396, 240
396, 243
403, 26
401, 92
395, 280
404, 1
401, 95
389, 468
402, 65
390, 438
391, 408
396, 254
399, 163
389, 475
392, 387
401, 109
398, 203
397, 234
391, 423
394, 332
401, 116
395, 302
391, 428
401, 119
390, 460
399, 182
396, 276
390, 463
402, 91
391, 433
389, 495
403, 62
402, 95
399, 189
402, 97
402, 98
390, 471
394, 347
402, 101
397, 256
394, 351
394, 353
393, 387
392, 420
403, 79
402, 115
397, 272
394, 367
404, 57
402, 120
396, 307
401, 156
396, 315
392, 440
403, 99
396, 316
398, 256
398, 257
397, 289
399, 228
401, 167
401, 170
394, 388
397, 298
394, 393
395, 364
399, 242
395, 367
393, 435
405, 63
394, 407
393, 438
401, 192
403, 132
394, 414
402, 167
405, 76
403, 139
400, 234
405, 79
403, 141
405, 81
406, 54
398, 302
394, 426
403, 147
403, 148
392, 489
392, 491
403, 151
402, 184
403, 154
393, 465
403, 156
402, 188
407, 33
394, 436
405, 97
401, 223
406, 68
405, 101
396, 380
407, 41
398, 321
403, 167
403, 169
393, 479
396, 389
402, 204
393, 484
405, 113
406, 83
408, 21
406, 88
400, 275
398, 338
404, 154
393, 496
394, 465
393, 497
394, 467
402, 220
400, 285
398, 349
409, 10
409, 11
407, 78
399, 327
406, 111
398, 359
399, 329
407, 81
408, 53
404, 180
405, 150
403, 213
408, 60
405, 154
402, 248
399, 341
403, 218
401, 280
403, 221
408, 66
398, 377
404, 196
403, 230
397, 417
409, 45
403, 232
400, 328
409, 50
399, 366
408, 87
406, 151
410, 28
401, 309
396, 466
410, 35
397, 440
403, 254
400, 347
396, 472
405, 197
407, 136
411, 12
399, 386
402, 294
401, 326
400, 357
404, 234
405, 204
405, 206
397, 454
403, 274
405, 213
405, 216
404, 247
412, 2
397, 468
400, 378
409, 100
400, 379
401, 348
410, 70
401, 350
398, 443
402, 322
404, 261
408, 140
407, 172
401, 358
411, 49
398, 453
411, 51
397, 488
408, 148
397, 492
408, 152
403, 307
411, 60
408, 156
404, 282
407, 190
409, 129
411, 73
403, 321
406, 231
409, 139
404, 296
409, 150
399, 461
408, 182
410, 121
414, 1
413, 34
410, 129
408, 201
402, 388
406, 265
410, 143
400, 455
414, 24
411, 121
406, 276
404, 339
405, 308
402, 402
401, 433
412, 93
405, 314
407, 254
412, 103
401, 444
405, 325
402, 418
404, 358
407, 266
408, 235
406, 297
402, 423
406, 299
415, 22
400, 487
404, 365
400, 490
401, 466
415, 33
409, 222
412, 131
406, 317
413, 100
416, 11
408, 261
415, 44
409, 231
412, 139
409, 233
402, 450
405, 357
411, 173
415, 49
407, 297
406, 329
415, 51
411, 175
408, 269
401, 487
414, 85
416, 24
407, 306
411, 184
410, 219
416, 33
411, 190
412, 162
408, 287
407, 319
406, 350
404, 415
416, 46
413, 140
415, 81
416, 55
406, 367
408, 307
409, 276
409, 280
416, 64
409, 281
406, 377
417, 36
414, 135
403, 476
415, 104
407, 354
411, 233
404, 450
412, 204
416, 82
408, 330
413, 179
409, 310
416, 99
415, 131
415, 133
409, 323
409, 325
408, 358
419, 19
405, 454
410, 299
418, 53
416, 115
417, 91
409, 340
409, 341
420, 1
407, 404
414, 190
411, 287
408, 381
413, 227
406, 445
418, 74
413, 231
413, 232
420, 16
418, 79
418, 82
418, 83
411, 302
419, 55
406, 460
419, 57
409, 370
421, 1
412, 282
417, 127
418, 97
408, 408
413, 255
420, 38
408, 410
409, 380
421, 9
418, 105
412, 291
410, 354
414, 232
418, 112
412, 299
417, 147
415, 211
418, 119
420, 57
415, 213
419, 94
409, 405
411, 344
417, 158
412, 314
417, 160
418, 129
416, 192
407, 471
422, 6
411, 350
419, 105
421, 44
413, 292
407, 483
413, 304
422, 25
410, 397
419, 123
412, 340
419, 129
417, 191
422, 37
409, 440
412, 347
416, 225
421, 71
412, 350
417, 198
414, 292
410, 418
418, 171
409, 451
419, 142
416, 235
408, 485
413, 331
421, 84
423, 25
411, 397
410, 428
421, 87
419, 151
408, 492
412, 369
414, 308
420, 123
418, 186
424, 3
424, 9
415, 290
410, 445
411, 417
418, 203
418, 204
423, 54
413, 364
424, 25
414, 337
420, 152
418, 216
419, 186
416, 280
411, 436
419, 188
420, 158
423, 65
412, 407
425, 4
413, 378
412, 410
413, 381
416, 289
411, 445
416, 294
424, 46
424, 47
412, 420
411, 452
412, 422
410, 485
420, 175
419, 207
424, 53
414, 364
412, 426
421, 149
417, 274
417, 275
420, 183
419, 214
425, 29
420, 187
424, 64
421, 161
414, 378
415, 348
417, 287
423, 105
425, 43
414, 388
424, 79
426, 18
415, 364
415, 367
418, 275
412, 463
425, 60
422, 154
413, 433
412, 467
427, 10
427, 11
412, 477
426, 45
417, 326
421, 204
425, 83
420, 238
417, 331
426, 58
419, 276
417, 342
426, 64
421, 221
423, 159
422, 191
416, 379
427, 42
421, 228
423, 167
417, 353
420, 266
416, 394
418, 333
427, 56
420, 274
416, 399
419, 307
421, 246
417, 376
426, 98
418, 352
424, 168
421, 264
415, 451
424, 172
425, 145
416, 425
420, 302
423, 209
422, 241
429, 31
426, 125
426, 126
428, 64
419, 344
417, 410
421, 287
426, 133
419, 352
423, 231
416, 448
416, 449
420, 327
422, 265
422, 271
430, 23
429, 57
417, 430
419, 368
417, 434
421, 311
417, 435
428, 94
422, 285
425, 195
431, 16
427, 141
421, 328
431, 18
417, 452
417, 453
426, 175
429, 83
428, 116
420, 365
421, 335
417, 459
420, 368
426, 186
417, 466
432, 2
421, 343
423, 282
425, 220
432, 8
423, 288
425, 226
418, 443
420, 382
421, 353
428, 136
424, 261
425, 230
420, 386
425, 231
427, 169
418, 452
426, 205
432, 24
427, 179
431, 58
420, 399
421, 369
424, 277
417, 495
428, 154
424, 282
427, 190
420, 414
428, 169
424, 293
423, 324
426, 234
421, 390
432, 50
424, 300
430, 115
432, 55
425, 273
419, 459
428, 184
421, 406
432, 65
430, 127
419, 468
423, 347
422, 381
428, 197
434, 11
431, 105
423, 354
419, 478
424, 326
429, 174
431, 113
425, 300
423, 362
433, 53
423, 364
424, 335
421, 429
423, 368
424, 339
427, 247
420, 464
429, 186
424, 341
422, 406
435, 3
432, 108
426, 304
421, 459
432, 119
431, 153
424, 371
433, 92
430, 186
436, 3
432, 128
432, 131
433, 100
429, 228
426, 322
432, 137
431, 169
433, 107
423, 418
431, 174
433, 113
432, 144
435, 52
421, 488
434, 85
429, 245
436, 28
431, 184
431, 185
435, 61
437, 1
428, 281
433, 127
425, 376
434, 98
431, 191
422, 470
432, 162
435, 72
424, 417
432, 170
436, 48
437, 24
435, 89
427, 338
434, 121
432, 186
424, 435
436, 63
427, 344
423, 469
429, 284
424, 441
435, 102
429, 288
438, 11
426, 383
429, 294
425, 418
431, 233
427, 358
431, 236
426, 391
425, 425
425, 426
428, 333
429, 303
431, 241
435, 118
423, 491
429, 305
438, 27
427, 369
430, 276
432, 216
431, 250
437, 64
424, 468
438, 35
428, 346
437, 68
426, 409
434, 161
436, 103
433, 198
431, 261
427, 389
428, 359
436, 113
439, 22
439, 24
425, 458
426, 428
429, 335
425, 459
431, 274
428, 368
431, 278
438, 61
433, 217
435, 156
433, 219
437, 95
434, 192
432, 255
431, 287
437, 102
438, 75
428, 392
433, 238
436, 146
433, 240
429, 364
426, 460
432, 275
429, 370
437, 124
431, 317
437, 135
428, 414
440, 44
434, 230
428, 417
430, 355
432, 294
431, 329
435, 205
441, 22
430, 364
426, 489
431, 337
432, 306
440, 59
440, 60
437, 154
432, 309
430, 374
438, 126
434, 250
439, 100
442, 7
432, 320
428, 447
430, 385
427, 479
430, 389
429, 422
438, 146
429, 425
440, 86
428, 464
427, 497
433, 313
435, 251
430, 407
434, 285
436, 224
436, 225
432, 350
438, 165
432, 352
437, 199
440, 106
443, 16
439, 142
435, 268
428, 485
442, 52
439, 148
429, 459
430, 429
428, 495
436, 249
438, 187
442, 63
441, 96
436, 253
433, 350
444, 9
435, 289
444, 11
432, 385
432, 388
444, 17
439, 173
436, 268
435, 299
433, 361
430, 455
438, 208
430, 457
438, 210
443, 56
429, 490
435, 304
429, 493
442, 92
431, 436
439, 189
429, 499
444, 39
437, 257
430, 477
445, 17
438, 236
444, 52
440, 178
432, 427
434, 366
430, 491
437, 276
445, 28
441, 152
440, 184
440, 185
439, 217
430, 496
436, 312
444, 66
446, 7
440, 193
435, 350
446, 11
433, 415
434, 389
432, 454
445, 52
443, 116
440, 212
433, 429
443, 119
435, 371
433, 434
442, 156
441, 188
434, 407
441, 194
435, 383
434, 415
435, 386
444, 108
435, 389
445, 79
442, 174
442, 176
447, 26
432, 492
443, 151
435, 403
442, 187
434, 435
433, 467
446, 65
445, 96
438, 313
436, 378
445, 100
434, 444
437, 351
439, 292
440, 263
445, 110
438, 331
448, 21
447, 54
442, 209
445, 117
434, 458
436, 397
446, 87
446, 91
438, 339
434, 467
447, 65
440, 284
436, 408
448, 37
434, 472
442, 226
449, 10
441, 258
437, 384
437, 388
446, 110
440, 298
447, 83
443, 207
443, 208
448, 56
448, 64
441, 284
438, 379
445, 162
444, 193
439, 349
440, 319
449, 41
447, 103
441, 289
442, 259
446, 137
448, 76
442, 263
437, 418
447, 110
447, 111
437, 421
448, 81
441, 299
450, 22
449, 53
450, 25
446, 156
448, 94
445, 189
449, 66
443, 252
445, 193
445, 194
444, 227
443, 260
445, 204
450, 52
436, 487
439, 394
441, 333
451, 26
442, 305
444, 244
445, 214
437, 465
439, 403
436, 497
445, 218
438, 436
444, 251
450, 70
443, 288
437, 474
444, 257
447, 165
445, 229
443, 292
449, 107
439, 419
446, 212
438, 460
437, 492
451, 59
438, 466
440, 410
446, 224
450, 102
453, 12
442, 355
450, 110
443, 328
441, 393
452, 54
453, 24
448, 181
453, 30
452, 61
448, 186
452, 63
439, 466
447, 219
441, 405
445, 282
450, 128
454, 4
448, 191
442, 377
443, 346
446, 255
440, 442
450, 132
442, 384
451, 105
451, 110
447, 234
446, 267
446, 269
451, 114
446, 270
452, 85
444, 335
446, 273
449, 181
452, 91
442, 401
450, 155
454, 32
448, 220
449, 190
447, 254
442, 409
441, 441
453, 70
444, 352
446, 291
454, 44
454, 45
445, 324
453, 81
450, 175
443, 394
441, 459
455, 27
440, 492
447, 281
452, 126
446, 313
443, 407
452, 130
450, 192
453, 100
455, 42
441, 478
450, 200
447, 293
452, 139
448, 265
444, 390
454, 86
447, 304
453, 119
451, 181
450, 213
450, 216
448, 278
448, 279
449, 248
445, 372
446, 342
453, 125
443, 435
446, 348
444, 410
454, 103
449, 259
451, 199
456, 49
447, 329
443, 454
455, 82
451, 206
453, 146
454, 119
446, 370
443, 463
442, 495
447, 342
454, 127
452, 190
443, 469
443, 475
446, 386
446, 389
448, 330
443, 489
447, 366
451, 244
444, 462
443, 493
453, 185
452, 219
458, 38
450, 287
447, 381
458, 40
451, 257
454, 166
446, 416
446, 417
452, 231
456, 111
447, 393
450, 302
448, 367
459, 27
451, 275
447, 399
448, 369
456, 121
449, 339
445, 464
450, 310
455, 156
446, 438
457, 97
460, 5
454, 193
448, 381
459, 40
445, 474
456, 136
448, 386
455, 170
458, 81
460, 20
447, 423
448, 393
447, 424
456, 146
445, 488
450, 335
458, 89
454, 215
447, 434
449, 373
458, 95
455, 190
452, 284
456, 162
446, 472
455, 194
452, 287
449, 380
451, 320
453, 261
458, 107
457, 139
452, 295
450, 357
453, 265
456, 173
451, 329
452, 300
455, 210
458, 117
460, 56
458, 123
450, 373
446, 497
447, 467
454, 251
461, 35
451, 345
451, 347
450, 380
452, 321
449, 414
457, 166
455, 230
461, 44
450, 386
454, 264
450, 391
460, 81
454, 268
461, 54
450, 400
450, 402
449, 434
461, 64
460, 95
455, 250
452, 344
450, 410
451, 379
451, 383
453, 322
452, 354
459, 138
459, 141
460, 110
450, 421
448, 486
461, 85
458, 178
452, 367
448, 493
452, 373
461, 95
460, 126
452, 375
463, 38
458, 197
450, 447
464, 16
461, 109
462, 79
463, 50
460, 145
453, 362
452, 395
462, 85
452, 397
457, 244
461, 121
462, 91
453, 370
449, 495
451, 434
457, 250
456, 281
465, 5
462, 99
460, 163
461, 137
453, 385
458, 233
452, 422
459, 207
453, 394
457, 270
460, 178
460, 184
453, 406
463, 97
455, 346
466, 6
453, 412
463, 102
457, 289
466, 11
452, 447
455, 356
454, 388
456, 326
453, 420
463, 112
464, 81
463, 113
458, 269
455, 364
461, 179
458, 274
466, 26
457, 306
451, 492
463, 121
456, 339
463, 122
457, 309
452, 465
455, 375
466, 38
466, 42
455, 383
454, 414
462, 166
453, 446
464, 105
466, 45
456, 356
460, 232
455, 387
466, 47
460, 236
460, 238
453, 457
465, 87
464, 119
459, 277
452, 496
465, 93
460, 250
467, 35
466, 68
463, 162
456, 379
457, 348
464, 132
460, 257
468, 12
465, 106
460, 263
462, 202
460, 265
456, 389
455, 423
453, 486
460, 269
462, 209
457, 365
466, 87
455, 429
462, 212
454, 460
463, 184
456, 404
469, 2
453, 499
457, 375
458, 347
460, 286
460, 287
458, 349
463, 196
459, 320
460, 291
467, 74
465, 137
459, 330
463, 207
454, 488
458, 365
468, 55
464, 179
469, 25
465, 150
462, 244
466, 124
457, 404
462, 250
461, 281
463, 220
459, 344
462, 252
463, 223
460, 319
468, 73
460, 321
464, 200
460, 325
466, 139
465, 171
462, 265
461, 301
457, 425
463, 240
457, 428
467, 121
470, 29
455, 497
465, 188
461, 314
467, 128
457, 440
464, 223
457, 442
458, 413
462, 291
468, 107
471, 15
456, 481
464, 235
459, 393
468, 116
457, 457
464, 242
458, 428
470, 56
466, 180
467, 150
458, 431
457, 463
471, 29
458, 432
467, 156
470, 64
470, 65
471, 35
463, 283
470, 67
463, 284
460, 377
458, 440
460, 378
466, 193
471, 42
463, 290
464, 259
459, 415
465, 232
463, 297
469, 111
471, 50
468, 143
471, 51
467, 178
460, 396
463, 306
471, 60
458, 466
460, 405
461, 375
464, 282
462, 344
459, 439
468, 161
461, 380
472, 40
462, 351
471, 73
467, 199
460, 417
463, 325
462, 357
466, 234
459, 453
466, 236
473, 19
459, 455
471, 87
461, 398
468, 183
459, 463
466, 249
461, 404
462, 382
459, 476
462, 385
465, 292
461, 417
468, 200
465, 296
459, 485
468, 207
465, 302
466, 273
460, 460
465, 305
470, 150
462, 400
467, 248
462, 404
466, 280
460, 469
460, 470
460, 473
474, 40
464, 350
466, 288
470, 165
471, 135
463, 385
464, 357
469, 208
474, 53
474, 54
463, 396
473, 87
474, 57
462, 430
474, 59
472, 124
475, 31
465, 342
476, 3
460, 499
465, 344
471, 161
470, 192
465, 348
466, 322
465, 356
461, 485
463, 431
461, 494
475, 61
467, 311
470, 218
470, 219
475, 65
468, 282
468, 286
466, 350
477, 9
477, 10
468, 289
472, 166
469, 260
477, 12
467, 322
462, 479
465, 386
464, 418
470, 232
471, 204
476, 49
469, 267
464, 423
468, 302
475, 85
467, 335
476, 60
463, 465
466, 373
478, 2
477, 36
465, 408
466, 378
469, 288
478, 13
472, 200
469, 296
463, 483
464, 453
468, 330
478, 22
472, 212
468, 336
468, 337
475, 122
474, 157
471, 252
477, 66
478, 37
469, 318
466, 414
467, 384
467, 386
468, 355
467, 387
473, 202
478, 49
469, 330
465, 455
475, 147
474, 179
472, 241
479, 24
464, 490
475, 151
464, 493
474, 183
464, 494
479, 30
465, 466
480, 1
472, 251
480, 3
469, 345
469, 347
470, 321
467, 416
465, 478
473, 232
478, 79
467, 422
475, 174
468, 393
478, 83
468, 395
477, 117
477, 118
467, 429
472, 275
474, 213
467, 430
467, 431
479, 61
466, 464
472, 279
466, 467
473, 250
476, 157
470, 344
475, 190
467, 440
481, 6
466, 474
470, 351
467, 444
480, 43
472, 293
468, 418
474, 234
467, 452
478, 113
475, 208
476, 177
470, 363
477, 147
468, 426
471, 336
475, 215
481, 29
470, 377
478, 131
474, 256
481, 39
470, 382
475, 228
469, 415
472, 323
477, 169
477, 172
473, 300
476, 208
472, 334
482, 24
471, 365
472, 335
482, 28
475, 247
477, 185
482, 32
468, 467
476, 221
469, 438
483, 5
469, 443
470, 413
478, 166
480, 107
477, 200
473, 324
471, 386
470, 420
471, 389
476, 236
478, 180
477, 211
477, 213
482, 60
474, 309
468, 496
476, 249
483, 33
471, 406
479, 159
475, 284
473, 346
473, 347
479, 161
484, 6
469, 473
472, 383
475, 290
471, 418
469, 484
475, 298
470, 453
471, 423
482, 83
473, 362
483, 56
475, 304
470, 462
483, 61
482, 94
471, 435
483, 63
479, 188
472, 407
470, 479
473, 386
474, 361
471, 455
477, 270
472, 426
473, 395
481, 148
476, 304
471, 465
483, 95
478, 252
479, 221
483, 98
473, 408
481, 161
471, 472
477, 286
480, 194
475, 350
478, 260
476, 322
481, 168
476, 325
474, 388
474, 390
483, 111
479, 238
472, 455
483, 115
481, 179
478, 276
473, 431
472, 463
481, 186
472, 466
483, 126
474, 405
482, 157
471, 499
478, 283
487, 5
475, 377
482, 161
486, 38
484, 100
473, 442
472, 474
485, 73
487, 13
479, 264
483, 140
472, 482
478, 297
481, 204
475, 390
481, 209
476, 373
482, 189
478, 314
481, 222
474, 441
476, 381
484, 135
478, 324
485, 107
477, 356
475, 423
488, 21
486, 88
488, 27
481, 247
481, 249
483, 188
481, 251
477, 376
475, 438
483, 191
479, 316
489, 7
478, 351
478, 352
481, 262
477, 388
475, 450
477, 390
474, 485
480, 301
482, 241
484, 179
487, 90
476, 432
488, 62
484, 188
481, 282
489, 36
490, 7
475, 474
476, 444
481, 291
479, 353
477, 415
488, 75
482, 263
486, 143
483, 236
483, 237
482, 269
483, 239
482, 270
485, 180
487, 118
483, 243
478, 401
483, 248
477, 435
479, 375
491, 4
491, 7
486, 166
481, 325
489, 78
478, 422
487, 144
484, 238
480, 362
490, 54
481, 335
484, 243
489, 91
477, 464
483, 281
490, 64
482, 312
489, 96
483, 283
488, 129
479, 408
484, 254
480, 380
486, 195
482, 320
492, 10
490, 74
478, 447
481, 357
482, 327
486, 203
491, 55
481, 365
483, 306
481, 368
481, 369
487, 184
479, 437
484, 284
484, 285
483, 316
487, 192
491, 75
487, 201
487, 203
483, 328
492, 49
478, 484
491, 82
489, 145
486, 239
479, 457
485, 272
482, 369
492, 60
489, 155
480, 435
481, 405
489, 158
484, 317
490, 132
483, 349
494, 10
485, 289
483, 352
490, 135
488, 199
483, 354
494, 16
489, 173
487, 240
489, 179
489, 180
493, 61
491, 124
486, 279
488, 217
485, 310
488, 218
486, 281
485, 313
480, 468
481, 438
493, 68
490, 165
481, 444
490, 167
480, 478
483, 389
482, 421
481, 454
493, 83
489, 210
483, 399
487, 278
481, 466
490, 188
493, 96
496, 6
485, 350
490, 198
481, 477
493, 106
481, 479
496, 14
482, 450
486, 329
488, 267
482, 455
482, 456
485, 364
491, 178
493, 122
494, 94
497, 1
489, 250
495, 64
484, 407
497, 5
495, 70
486, 351
484, 417
496, 45
494, 108
493, 139
495, 77
